[1,2,3,2]
[1,2,3,2]
[2,3,4,2]
[1,1,1,1]
[26,53,10,24,25,20,63,51]
[1,1,1,1,2,2,2,1]
[42,8,28,35,21,13,21,35]
[2,1,1,1,2,1,1,2]
[49,35,32,20,30,12,42]
[1,1,2,2,1,1,2]
[76,25,96,46,85,19,29,88,2,5]
[1,2,1,3,1,3,3,3,2,1]
[937,252,716,781,319,198,273,554,140,68,694,583,1080,16,450,229,710,1003,1117,1036,398,874,289,664,600,588,372,1066,375,532,984,328,1067,746]
[5,3,1,3,2,1,3,3,5,3,5,5,4,1,3,1,4,4,4,1,5,1,2,3,2,3,3,4,1,3,4,1,1,5]
[518,1033,1025,939,2184,2142,1623,194,660,243,1957,1883,1313,210,1940,1825,1896,315,149,1632,721,1496,1498,1824,1199,1920,2170,4,1294,516,997,426,169,1016,2129,1411,2190,1475,1430,465,2174,986,982,2025,1377,1110,448]
[2,4,2,4,1,1,3,1,5,1,3,5,6,6,2,2,6,3,3,1,3,2,3,2,1,6,1,6,4,2,2,1,5,1,5,4,5,3,5,3,4,5,1,6,3,1,4]
[1003,602,1825,1559,1336,829,20,364,381,817,295,893,299,1128,890,160,1261,16,708,1923,864,1183,1015,769,225,469,1584,1378,75,58,981,1501,59,1735,1426,445,1031,932,1267,225,776,703,1754,153]
[2,2,1,4,5,3,3,5,3,2,3,3,2,4,4,5,1,6,5,3,5,6,1,3,5,2,6,6,1,1,3,2,6,5,2,1,6,5,6,1,4,3,4,1]
[1167,1090,1239,630,1565,1932,1671,850,1227,349,1749,759,670,775,1063,303,1499,610,1186,1754,1436,752,896,338,1900,321,1554,3,758,403,996,346,926,701,1543,286,164,852,1565,487,190,350,1317,551]
[6,2,6,2,2,5,4,3,3,4,4,2,2,6,2,6,5,4,5,2,2,3,3,6,6,6,4,4,5,2,2,2,6,2,2,4,5,5,5,3,2,2,2,4]
[1]
[1]