[1,3,5,10,15]
[1,2,3,4,5]
[4,5,6,5]
[2,1,2,1]
[1,2,3,5]
[8,9,10,1]
[1,3,7,3,2,4,10,7,5]
[4,5,2,1,1,2,4,1,4]
[674,918,473,933,161,82,874,131,367,941,799,488,222,778,352,411,585,833,310,988,807,230,251,187,222,125,112,273,978,109,14,485,955,761,922,658,144,42,124,893,181,911,567,587,28,562,666,871,275,587,437,826,502,354,704,979,868,520,661,163,805,250]
[59,30,1,28,36,95,30,5,61,23,78,6,47,14,26,47,88,98,23,92,9,77,30,39,4,59,51,64,73,1,58,23,63,70,44,51,62,92,70,92,66,5,80,36,9,95,100,3,11,90,71,57,78,45,4,66,90,45,26,79,1,80]
[968,18,785,589,598,56,310,798,87,696,995,711,665,729,372,169,49,26,638,266,528,834,840,854,297,963,496,426,914,991,319,508,631,852,623,803,656,352,755,248,997,799,202,1,350,13,905,169,73,458,106,10,163,44,158,516,769,122,112,450,739,446,44,152,590,598,877]
[13,12,18,90,90,40,14,80,10,93,89,75,16,40,87,16,87,75,45,8,21,7,92,81,2,51,80,3,86,52,83,27,16,87,11,42,54,44,35,87,77,65,42,89,4,77,21,46,17,47,28,39,83,7,62,54,62,51,12,94,48,100,79,62,58,14,22]