[[-1,-1,-1,-1,-1,-1],[-1,-1,-1,-1,-1,-1],[-1,-1,-1,-1,-1,-1],[-1,35,-1,-1,13,-1],[-1,-1,-1,-1,-1,-1],[-1,15,-1,-1,-1,-1]]
[[-1,-1],[-1,3]]
[[-1,-1,-1],[-1,9,8],[-1,8,9]]
[[-1,7,-1],[-1,6,9],[-1,-1,2]]
[[-1,10,-1,15,-1],[-1,-1,18,2,20],[-1,-1,12,-1,-1],[2,4,11,18,8],[-1,-1,-1,-1,-1]]
[[-1,-1,16,31,29,-1],[10,20,-1,-1,9,-1],[7,-1,-1,-1,10,28],[-1,16,-1,16,-1,-1],[28,-1,5,25,-1,-1],[-1,32,30,-1,-1,-1]]
[[-1,-1,19,10,-1],[2,-1,-1,6,-1],[-1,17,-1,19,-1],[25,-1,20,-1,-1],[-1,-1,-1,-1,15]]
[[-1,-1,27,13,-1,25,-1],[-1,-1,-1,-1,-1,-1,-1],[44,-1,8,-1,-1,2,-1],[-1,30,-1,-1,-1,-1,-1],[3,-1,20,-1,46,6,-1],[-1,-1,-1,-1,-1,-1,29],[-1,29,21,33,-1,-1,-1]]
[[1,1,-1],[1,1,1],[-1,1,1]]
[[-1,-1,-1,-1,48,5,-1],[12,29,13,9,-1,2,32],[-1,-1,21,7,-1,12,49],[42,37,21,40,-1,22,12],[42,-1,2,-1,-1,-1,6],[39,-1,35,-1,-1,39,-1],[-1,36,-1,-1,-1,-1,5]]
[[-1,-1,-1,13,123,-1,-1,-1,-1,37,-1,-1],[-1,-1,-1,-1,-1,-1,123,-1,-1,-1,-1,-1],[123,-1,-1,-1,79,70,-1,-1,17,-1,-1,103],[-1,-1,120,-1,101,-1,2,72,-1,-1,-1,-1],[-1,71,77,-1,-1,-1,-1,35,-1,-1,-1,-1],[-1,-1,98,-1,-1,-1,-1,-1,-1,99,-1,-1],[83,-1,108,27,-1,-1,113,-1,-1,-1,79,-1],[28,-1,-1,-1,57,14,-1,48,-1,-1,-1,-1],[-1,-1,-1,-1,16,115,-1,46,-1,-1,-1,-1],[-1,-1,4,-1,-1,-1,-1,-1,-1,-1,-1,-1],[94,-1,116,-1,-1,-1,39,100,-1,-1,16,-1],[-1,94,-1,-1,53,-1,-1,-1,-1,-1,-1,-1]]