[2,3,5,9]
2
[2,7,9,3,1]
2
[2,2]
1
[7,3,9,5]
2
[1]
1
[10,15,6,2]
1
[24,109,117,142,98,94,91,130,73,48,107,77]
5
[4,22,11,14,25]
3
[9,6,20,21,8]
3
[8557,4816,1685,8234,7415,4877,5385,3864,6733,5461,2417,8464,3405,1429,4804,8562,6834,7070,2481,6619,4054,2945,662,331,343,628,279,6918,87,1636,5950,6105,5831,7990,7049,351,7021,5113,4633,3885,3941,4685,7361,5179,1156,5118,2169,7393,7419,4156,6740,128,1844,5571,7098,5125,6062,4368,7236,4286,5414,406,8791,3586,4727,6322,1053,8313,176,4908,5293,7458,5593,768,6549,3660,120,1250,3356,7061,7902,1067,6073,705,509,4111,2167,383,1014,3545,1553,5347,3531,7102]
3
[65199237,49029452,92335275,36716604,25697687,40702422,64592589,21875961,12914448,44591079,32488616,10154436,27395376,87530961,87716565,84413155,93706122,18060007,47920839,83270074,80373628,89364007,7225780,10142130,41175940,76444577,59819984,79895375,49104032,25464776,81815499,58873102,51926682,31305508,35065995,52606243,11439777,66286009,55881248,50683762,37868636,20467069,86465969,25154458,19855994,4145687,87920162,384971,28835800,79339408,22514626,42227034,33366061,20088675,30269586,57063251,16946078,94971389,87019951,22030901,49610515,49726110,15691525,78098198,12831579,64180456,323504,6797536,73049855,56114501,15464633,33697455,25122209,6068128,47271271,83961487,88689912,344968,44506285,88701843,51884601,7206103,16275095,93019669,77181248,17138783,91271006,88125544,77660431,24257212,85726267,89813298,73459272,8531574,75414615,1352926,13220575,79497557,19045051,83697260,37774299,88316965,75870322,49589937,21209525,65472167,50385010,67374474,41818828,76174512,82028828,12538875,79654867,26198210,15734011,52905953,17234728,46109840,53077026,27727968,78101961,47902347,51047869,14287779,92300277,32655264,38361981,30340343,15219956,52038244,58441374,43714430,49237928,44111657,43614972,92047293,22255552,88830167,49679790,73041426,7699387,23440556,35751778,10923714,25288421,3120459,17230602,28400464,72150688,20493776,44407618,85567387,43444715,4306077,91205690,51527194,90868463,4760401,24549416,57215366,19311159,61447984,55044416,38585316,29855309,71659472,18975535,26614671,25476329,6774659,65795106,7467659,14246043,28893908,50570175,22817625,26059958,13228998,11017583,64079503,81190845,65713138,51512689,3083807,69357134,61901048,32227465,34833942,40942545,62038320,9495975,88715830,64648004,37673764,35956365,57487796,19616612,90873598,22916425,66766755,7722425,86355253,84634880,80971927,50556124,51266103,88378890,52916097,67645535,67572509,5677943,45679014,69321419,18667708,30500421,60342030,34609520,77371965,65281044,83356346,10588541,93951924,5099162,12914428,48678704,33746713,87885546,73406659,30185071,2369059,9065133,79954410,46232664,10840228,14182566,23358666,15106774,92495028,6222396,32436939,71329684,71684670,21020703,87392493,36948827,85261764,48399769,88853889,75341557,54759680,55710095,84774309,8209806,41346037,65918121,83294008,69610461,87801238,33467791,28865535,95262119,11970621,56068329,18382070,25607226,35698881,40581002,71806215,27313014,15397571,93173129,9856681,93095008,17425409,68556086,75399565,13457482,64274661,40127395,38671933,67752824,32494345,87919746,73691603,1575605,34142490,92412898,70388402,27909914,86890904,56116942,6239925,52081102,14406095,50807655,92047296,56141144,4028620,44306554,27914826,11720522,7488891,4140755,19701004,47288722,2001898,18174851,23357160,18093484,90370290,52870045,88546350,22674624,79771406,2920556,66429245,72215660,75788038,32360081,57622380,48789010,38826542,88984531,57950510,29696418,26599862,61867483,13418163,91361288,54954114,6566779,14889129,62778973,3912104,15681914,1915881,16673137,38924557,89939250,29941896,38347299,69199387,2017266,74663622,80766943,2212203,77689428,20595545,81729983,18849661,90668561,81553711,46039790,66176841,86079469,94434233,38174019,65896167,20084497,90148249,61721088,25854951,35896709,9465151,41561035,19639328,20330819,19300714,21824668,9700476,40449670,87849334,46137790,75154679,35648749,35707686,23042506,12622111,37282582,94124305,66481332,83733918,27229086,53017701,43221417,74869040,2146661,19300212,86362601,1063736,34735010,71085096,13700625,29777519,53505684,54952088,17428104,75626091,95270324,32010325,85622030,76032302,87253505,66424906,71637242,24348802,86652406,42939950,3027090,36114112,52484533,24739891,68961288,24681965,21066712,41752102,78469078,63122567,9215680,29697554,86356329,24547677,60731272,63330362,38063223,7734478,53282776,30468732,78686406,80035176,16648941,38397119,18074437,13205891,60165848,70089256,87327729,63955296,2000837,30824449,12736830,17059927,68289075,51609678,67325966,53418406,79398599,92765871,56618836,93006141,18738090,36315962,67967988,16440830,59534712,50106579,90230962,62108641,44629827,15015344,62385549,36161100,47559152,65923895,42495532,46018838,17664014,47750591,75311983,5787652,27779568,87143451,86519601,4441004,42753422,73743944,84600532,82883885,78236218,92884139,10752913,38268935,14025273,69243158,19829170,52400674,32729513,30140680,12490352,37048565,55518759,28037424,78857991,39463002,69828513,11750594,30294541,61400592,89423373,24696072,15124820,37262367,1775713,74672530,40505679,7480583,41345745,50017543,76978191,42733539,28279788,93596679,19273679,40944827,80326761,59846940,92841462,22443687,27477518,18422878,43045084,39298625,74978669,3147085,8383345,91661831,90685503,1180609,87118846,32479753,72885240,9302129,827606,17492960,20075378,75987880,3319940,2251667,22450675,47507500,3184695,74042042,12252994,78446940,47601966,46583000,50369807,52636214,48758453,4305601,20837029,88037168,54842427,37082796,59835174,85695818,26405537,50220356,15237080,29170584,81613669,45126656,13258679,89858622,29462207,48599373,80954417,29557475,79754282,30968883,36606942,32880614,47803300,28150559,15761298,41451404,22293205,80988479,33418526,38838344,25122503,7796087,72646268,24752726,93256035,34522371,73360522,85925018,13549496,37004512,65309871,68771728,56784216,74355206,26126317,20044818,4726312,18704398,36801873,69873705,66148655,88096775,8697934,37278113,37234837,58269605,2227762,49409981,78282311,41818415,74131798,82281359,5523454,74702399,64176358,29480634,26418089,7805182,46051416,38782777,21715215,26915043,39865588,64199954,8406112,93200895,32658819,32030792,68922123,42339812,81650843,93804174,46618959,22320057,18237798,93301076,63481066,92184866,73755777,40931132,78757792,6792109,71455791,76225629,28992138,51949583,6126001,34472383,8015595,92017173,13491814,30900728,33315393,86689093,32039634,92284441,44594138,43901831,88794367,49974024,71068526,5772449,59427025,32383410,4610132,13190397,57041564,46674230,45909311,46783742,47145190,40073188,84095244,68720792,84597512,67126557,85672363,36943629,77781769,18006276,51219243,28115232,91353834,38962882,85860671,86918020,57116638,32126499,40955113,35197225,90289974,2094906,34917119,39770823,91398310,4679996,92755388,90279664,55404676,91289682,67470501,38258596,53625097,57528907,54472545,38304273,90575910,17770950,41515460,63014391,26907533,20551088,65579903,46228836,23583525,37344220,17697000,49042738,18487323,303167,62516798,66402942,44190336,54075498,57048456,46047996,79614640,84013447,16828686,81897904,73253943,75694260,2631090,90109843,63002076,78331190,4165352,95278132,60788253,34036483,73661274,22232857,39244157,13672307,77506191,37660019,84623740,72447447,49779255,56030851,46891836,64510838,61804692,820352,2760754,33805953,14833279,22923185,11165695,80278299,46205051,59918034,81064146,75250358,79005741,31693067,89452115,94502996,85545007,42574991,69248101,9215390,23714634,67766688,74770871,49233254,33497066,2086558,41426386,9097195,85300510,28595542,91097174,46655189,87508751,5700070,57652586,20657582,81852226,42908383,1649055,82582185,64119776,5761820,31040863,66558090,30665748,58162295,61577880,2712341,40722939,61719606,46586521,7246093,30460357,5102234,73583098,91910915,87200673,13256487,59757962,45235245,15589559,8422125,93920097,1531428,90412329,43266837,66667424,9386823,13366886,68793351,34970066,28847860,35653932,15429238,35207045,60937992,4998492,91753774,89466437,38834492,13487178,574720,6038362,47945131,17392397,16400930,56166757,23235237,62327725,25246087,12099742,77005615,57145758,44241333,37614081,7965866,44125544,37378838,62998018,42853725,69281715,79941988,5001900,1058774,11847609,55527748,50927391,56869002,3037173,18898845,55825136,2698513,72035372,41924489,24642213,47042982,38681125,75531837,25112172,80538482,43834077,11655384,25752208,61902218,75464269,88562163,67811746,1883019,42893966,52092600,43294100,65515927,50089208,48959403,43212172,92213983,49816959,25818867,45956553,14988651,88962861,52492888,51658382,16767515,42956355,50002116,56681874,87590910,47126142,1118299,79039155,24360209,13509851,90948730,64427179,89372255,32796310,14451018,73198322,87657470,10024699,44612714,29707869,26635612,28939542,85624809,51007178,82621983,78010007,89200736,70431998,42621817,22182743,87516918,77150999,73986553,37687225,61255901,37726752,2506103,63144500,88958668,17934004,31639120,51153582,31887767,88942179,44218671,71136705,32013264,11345117,46112866,50770972,635220,16344140,10191878,17022528,40239600,2152789,42469193,63850745,21265690,93629499,23288069,5429785,81209724,36596664,80476306,34532923,35949377,42740238,66206142,39661927,53936078,78789511,39699968,77838745,49101113,41121910,69661018,81073073,92242538,38765872,36920344,71347317,76860114,62483350,51712762,29558802,23175374,12382589,83705981,66745941,34950835,35762434,55640692,10856868,68294688,24182593,1538941,84016839,80987035,93135918,82139559,19824561,7828804,20632113,7825356,68670675,27185219,30990004,87484164,1180487,29602590,74858765,73271386,45846431,93951167,90493354,68691404,83352399,94560854,9999976,29282551,64395894,45008976,17763133,39228841,39944460,82735623,34093452,46025367,37427946,79467670,7114672,74389194,6914201,30005190,15176673,10772389,66559620,5830755,4829442,24153613,44391510,9591520,95345494,70268305,47541449,51225661,45956415,52869637,41253136,64162890,4054904,21480450,13694899,69342739,51070415,77034777,93286417,23926984,63364718,29092915,13166402,20803723,19039066,6167626,72288261,82798510,54356854,14788060,55000116,6461031,62728345,60938850,56664133,2990927,8323861,42616690,82875090,30724733,55375333,93390151,15078638,76541179,46363757,67096619,37069519,4607997,54516056,68445038,79211362,82876817,83132745,65557222,70399416,34201519,44032551,34839580,57668933,71955328,80477323,80534155,74670227,1287996,53710542,67760213,17775377,41002078,51062704,85440959,24998418,51036274,7454748,18684943,49273315,42280900,46428423,94775222,3076791,21217164,6014064,20192400,92540766,54716874,21403138,21971497,28739827,26287218,75827531,74145531,5102023,78209377,59302936,29937368,65560938,57901468,9414181,5114719,44320291,15402627,7246320,80453497,86265520,62447662,76289435,22919510,57968974,17261715,50387432,67148106,4123955,47445784,32963291,15440865,58390266,30720056,43111503,27803307,21468858,58534816,86349284,32061933,16525537,21222203,2322821,64992297,39762596,41145296,63802181,75831853,32801898,33272552,8213139,10376753,26423357,1596042,18173142,29480029,65601231,56810763,52372516,34254139,20264798,18352816,73337313,61274891,47091273,34958796,90419800,36278037,40240748,730083,90266933,15483964,45269580,77392604,63598264,38100923,52354704,75608563,82828456,73407481,54437317,84524864,72448429,29100599,52724294,35492625,8272780,31027788,76593015,66246439,59016552,83142944,77524796,59879138,68633553,85142996,70970435,3835684,72917411,70309228,1374123,75299704,51677853,69439600,43073412,27272050,55369283,26311862,2366210,64863684,72743389,83214618,4578953,68837080,27488665,47983562,54972130,21398913,9806990,17718491,25171013,49897875,69953868,87787349,95096065,52492262,5097041,18279406,42923109,22175835,58787672,66418234,13571578,82241105,50922,81027794,12857917,28391777,87139136,51964765,5523770,7970927,87418278,45716813,86993404,17599549,10184243,50518798,71397947,25675402,50656442,71333443,14621605,31273030,2599316,79374624,23414944,53594458,26851886,65769326,19604858,24938942,60690732,44028632,83446356,13623618,69001163,74507686,53442052,48524200,90835696,13375055,31748302,18785806,31532828,30463462,71058297,57404985,92408160,53681361,13822866,34068316,70776816,50084724,58556987,40038705,1710833,31266283,11522492,32972638,25354485,76950636,78607387,91101278,91571068,89826157,89019914,80032273,86665279,84985555,89601575,36414339,79850125,24926125,59690323,50184360,56080822,39508447,18991385,34197430,82322278,55144176,92426005,8693933,25353975,24382162,78903537,15232310,13954332,78769712,92710402,13011383,73153900,88211500,47911102,41216014,69740253,53485824,56489749,21595684,31579841,64033038,23671075,61884326,8878039,14077098,84236012,25548159,65736194,71902231,22472170,56377695,11264782,51860545,63795146,69854319,47805945,48925195,17675451,17581631,33344719,77638804,69028554,65334952,70948995,39841166,62471530,1030848,88909917,86800623,34637397,33912416,59953751,71754397,21434623,2559460,55578280,64506730,55181834,66439330,91348733,57219531,59149655,24709875,87971952,68751743,83488388,48188651,11139242,45007297,19919488,61639742,55834412,27203639,33605434,59962750,9436033,26667151,3715788,36464007,24554132,42037407,91234683,71829735,50570732,33713369,56821174,68516140,50377232,92144783,76869851,31139220,79982440,57450210,83892178,72792902,55384843,31949896,48699157,56604968,15628323,53928965,94659053,83015039,11253241,19358252,36612597,51616695,7800373,844955,37931232,32997937,54686702,63542888,30142789,77686644,86128308,47642832,57180882,84270889,25510907,44740353,58206586,23645135,44435473,19350302,20122015,28998402,49612890,54617685,85254184,44288240,26899043,60816690,81783492,47950672,4522501,90226022,6452287,12605072,49392096,6608982,23265414,20596406,14118421,44217082,56003115,69406008,79895810,26181256,94974233,52763754,38842659,68612088,62664474,32870733,56767457,46180857,20563512,68940354,23381145,90904344,1277209,23771183,84134380,82217973,88781156,62262733,85428809,45183716,17017180,87300379,87601252,22910687,69718426,30485248,93473266,87471927,27446562,51858604,17325251,29513689,42172657,46949239,24194667,49954111,49332452,14147745,69534342,11680181,6060192,18430772,55747390,17550372,84320908,90344317,68274896,82171432,84436036,63831922,70329001,53508536,34872132,22203037,3043162,23689631,56273042,59890748,90354280,2243875,11212639,18138911,13942978,28681194,8226627,44842205,59576891,61670025,71298382,47325072,15042498,93229605,22887867,70860774,66228920,5827661,81850124,22126076,87320246,79946686,26719215,26569038,69234351,91114666,94890435,52787579,73783288,63097498,15669599,33874414,49947464,83245971,13198705,90131701,51279632,1048073,55562868,55311622,74472796,47499917,40104867,26873747,21547380,70273077,89147470,93703335,30596616,13597981,23626886,29096429,9355149,57188400,79577039,49726570,61226767,75073899,92239581,2926491,59812322,90914565,65189220,58924433,7777925,60912270,61729141,45268911,30510786,24028261,14783591,33389046,61926949,27928344,91276970,42937646,83150747,66738414,86952363,88882414,66011674,42183280,72736580,47598482,28427016,13941651,37053596,43358222,59436401,52693014,57589088,18685523,56688258,26822848,54424304,308666,94577931,21812409,80104562,90114146,8134066,71958509,62203195,48645689,7911236,84933870,92080986,6054333,70784112,35683844,44626834,38415478,63592562,45961106,5148846,831066,21428115,31346283,14416788,48204279,21286142,69518918,12574451,60855716,31617607,83699617,34383465,70713127,71321638,79221352,67280128,67489784,75830526,2033174,82860969,8634939,40598279,8435893,8504397,12067066,39675781,11146660,32682889,30172582,46800448,4677061,19388216,44184270,85148500,21923680,85157016,49971763,29380961,85888886,3214075,57507063,44053403,75511926,48249736,74194611,71793510,85720059,43977817,60382396,50553005,9310245,76659459,8171927,51949898,7857191,2850482,6223788,29477067,55835970,57829168,23488200,18684446,42370910,66004214,5434788,93174281,75647119,21741527,13713365,52963719,32169056,80712131,39906565,55764075,90567958,13245363,78826667,75572867,73666337,86723302,31205562,35442763,88283446,92799033,92356971,45534191,8358853,80157886,12805070,64156176,22344651,24524085,21069197,82014514,23523968,79875164,57925072,42127146,73945135,2811432,12035404,51625434,60259004,66708129,2540143,3081813,82743320,12115671,5856692,69368833,86748217,7356722,23364549,67427566,42499125,93382161,53702791,67286157,68143044,61819022,32267298,4245772,42155772,6438980,14505218,91760903,17068947,69115951,57307698,82756055,10383515,47098934,82337325,58899298,12906232,84936041,48225848,60530763,6267177,42861279,57179152,6042077,59232239,56805277,22429912,24320374,55397608,36993938,14017782,42193899,14437124,22566600,85534330,13043556,32054352,85210642,52645380,6749470,65727003,17621877,57730917,94463202,7016572,3268488,76856573,84666401,13933649,54945297,71487222,43890386,71836681,48581066,52508463,61464516,58455286,95046202,59936413,42599797,29120002,49538280,14649913,18261292,1768997,89383290,40574450,17689601,41112577,71826088,87417069,47695756,33357208,14341076,31885596,4948244,67844059,78665139,19597589,54913767,6584530,70991940,87559324,80553517,59838290,40563345,22897958,33585087,14011738,42070213,63208021,73838875,81617725,36536684,37766961,39275972,81516260,90309111,41389409,94678736,14370015,36847473,38367610,640576,45758905,11568077,20737597,61625574,87218675,34550793,29188049,84301989,50147631,22743952,35046721,84549221,48419163,50082640,27135706,4367601,56170525,87568867,76117722,42424667,48423149,15686433,66921504,31872369,61307363,55645017,32813438,39687060,68618730,43492937,80414627,1047364,50637506,68004170,15039668,50694651,58457932,79210770,30300130,60517438,7600243,35696089,15007267,29603731,44445660,42081274,82639956,36050250,68564081,9912005,41533492,82693646,62085636,20813220,54914990,43888497,49914090,19340733,3164586,26115251,90477056,67163406,74339051,31824789,92184861,49137010,27854249,60152038,62168986,29913460,85174156,60838511,90757818,6805238,63693161,72878350,82332618,76242503,60749724,59920076,84643129,9289945,54774419,71727689,11158736,57495088,1241122,10785762,81616307,92387351,27862590,35304591,10513233,56875206,78004667,41542898,91505863,2744187,15757650,32408851,39688192,6355578,9866938,47418354,455072,79718434,2226945,48364746,61779675,1868798,85936694,22721310,41119250,46360342,14256111,39821752,51676155,7637706,28942732,47097673,18552376,72881775,15457918,30945873,11876686,76654591,93377110,75487278,13196884,89934829,88146402,16078975,30049260,59210371,83730411,68160231,72612978,7367502,30578295,44638698,72502078,59387903,57235831,31401014,82227226,39875229,4319659,86701628,66796879,63560050,54952835,93783543,77941155,59239653,16148683,2810691,71126486,34274276,36929075,47376283,79181094,29135138,20076728,62164874,36696109,46066547,87640179,4988167,13928845,7852576,12832111,26981973,86753727,11347909,4369575,53455804,44474773,24272636,59916849,45454375,28553165,17044485,16016240,70832612,62023164,40382383,67839142,12218294,40048521,7727991,83099238,65339705,89810179,78580143,19053613,17434932,71729104,9481332,40980587,89592216,41334609,58736954,78164727,54198792,44739949,57478211,5106,44703498,55150825,28775814,50504151,82370307,82692857,47927399,81059589,9683496,63573899,2747690,10697681,27257097,75025846,51665247,70871799,17439666,44541228,25632837,2937667,24772889,46260989,92522937,66971486,80173061,60090641,11372906,4821291,19311322,86065164,85597709,87504867,40810291,3508591,61471364,50544160,58563301,38513678,51332418,53422567,82680663,93828300,78158911,32053704,81661903,33562286,53758695,59846999,85064196,74474176,73059516,39127950,75261845,41635454,86099434,90826951,19716041,17585866,57814812,3741518,45295929,37629529,45272996,79657641,73842455,85738316,85057392,24332107,9906977,31815914,85561660,77331559,71786102,91472551,31219509,88491797,80814546,51885209,41636642,71190499,87443912,90930131,53784067,39773477,8234440,2895210,7014130,24720416,54305684,14860982,61044035,13405800,73475078,55861508,73607973,52590042,26415058,8477742,62910883,31244354,30498864,62041236,20130948,29694207,33642927,86988983,82897593,29832533,50651510,64997498,35742167,18304924,68114214,20333228,89882717,50478711,81368564,56498515,81702833,1798687,60904799,65630736,67528130,85275698,16756620,51676526,53122417,82452415,78027120,28305967,86431722,75705019,57461931,44663852,93993220,29381192,36802746,47288583,53170411,87679053,92681387,61917262,6272014,76033634,22871310,53414105,527174,71450510,38973288,33090075,55423693,47510394,82431072,4665037,55101652,66071386,80307526,46411241,53627890,27323506,42226904,62460552,62689796,14537882,78303702,84033114,79447456,18447160,7005132,56805254,76131553,66522199,92897173,23040808,26677747,21281595,90789984,79288687,14314229,38892282,44213758,33323364,86724099,31476675,36282905,45534331,66008231,19405965,33747716,56216497,46046874,82716515,92422885,10993509,1014417,22656136,73539024,12767771,57614602,33110526,82469138,87828157,86118234,5769198,60700728,56070987,68461883,67005761,60838225,39987905,44789775,28563496,77332881,18547676,18013445,84670989,28679286,17371225,13286080,41978143,81559505,46619893,74601104,29603950,50661272,24414260,44460987,49542695,30197011,94617510,19197198,20149795,14037685,9306901,84739330,61041764,87782786,29621001,12542002,85757219,16251580,21998761,67402835,76176092,15112401,17670482,82575249,74998599,44740167,23092842,39660544,44824562,48323579,28925289,28848782,94264632,66364207,52028165,60304250,22990313,58761077,87515216,42602952,89003966,34617048,68390602,79889591,77218376,26210974,78382056,92830589,1283623,33892457,46543906,45870675,57742006,19378145,57826585,52570407,31256014,69773985,65323061,62304969,41587488,51843828,85175757,46248958,72865075,55014284,15687460,81693294,57358238,73362233,37781528,27753403,94820444,30051609,21821186,66617624,29104799,48860776,48809256,65501422,60350771,85634496,16576969,24410171,65861468,92880231,76478075,32764228,48219765,94732643,17337642,6708958,78974411,56011168,75909956,44373473,27384639,771103,28564741,962961,2528142,2725388,13560106,54678048,75612483,33236888,9489472,87178874,36981664,75398457,74482488,86205952,63296182,20606694,59573214,31766435,1734905,6720871,35554648,9438611,59612883,61026379,22300289,7036210,86416658,45932609,58112419,3985220,91190358,60813531,18058782,73945279,24167093,23498762,52694392,10064343,1966773,37079304,46901665,81935509,19806908,66581464,71197879,9010270,27403297,86693173,30247409,36667802,44083046,11435963,65403817,72781234,36495829,49237189,51619661,38708417,52827170,1113939,44206943,94352415,48563362,86995077,78466113,7376743,54317925,22655682,9632710,12227789,88499659,59055910,32302269,93272011,16501503,87690799,84567313,54066714,83446975,8246550,38862033,90252543,69224274,90017164,95144842,28828818,82498328,66555618,10436737,17798194,87474612,53479512,54417629,66151428,64297276,40755950,84342767,72690222,4549800,29085238,79023773,92619952,80809520,7262541,61026418,38707044,61790582,47118242,41011044,4590216,2447980,95086472,21455891,83730085,30810000,32403780,73484732,17274742,78530176,15988732,68281120,38543220,81890611,53776822,42697719,93480226,20379970,44400389,9379607,4318856,18874758,38070830,83432451,3943477,12466290,72730101,17223590,2901436,10682536,71508318,69307132,81898267,63155849,78786938,60835702,13722805,62334703,33781284,13012248,50742805,41196791,12822811,41073996,1588337,43028383,46633486,78860810,43905451,7318004,18050110,90799476,11071923,57422137,40878443,13230705,23151955,59807261,87142755,15180088,83398482,33395920,39373659,8214431,94777110,6326431,63103020,37288407,23661072,548238,82829458,62154824,45900341,43886479,10165694,65051587,86547987,34153674,4110740,20538391,65226948,57379983,28281525,8160792,9485475,27916275,16655891,65231981,2984826,81160512,60953532,56669828,80329322,71307940,76018207,86273463,14323610,16684982,34290359,56881197,51172690,10223221,63880077,74298244,54784759,70746075,29919873,7896616,7482712,6505728,60136645,94045777,22792145,22282472,11068594,63887077,95427060,69602728,52392566,49891390,11047561,41151945,5217795,78818224,11403757,3159260,51180497,55104185,50697500,75655059,94038102,40260150,46597685,6925595,31170134,54500253,44291401,5155071,65690278,87105363,53979249,85874994,26823689,71841909,89907434,36743671,56943378,48881348,83281594,25108346,20777035,18703229,40880561,51665577,83778317,72931253,18333973,29166775,38302762,16143066,52199279,39421351,13873977,58704096,87974644,57279958,61185866,56000050,72641638,3582601,3427810,92036439,71370495,22161872,36393617,33234025,62504755,34300690,26370241,91647009,51386951,35877508,9213366,52814797,93501064,1064033,14168715,13298478,93538885,15248466,36450070,12555991,62168020,3108444,84732878,84442003,87531428,87721164,3917797,44379624,15454480,62299770,69195423,64801480,12278067,31773498,624207,62592186,57649995,73567918,93984096,22284925,46765676,50897180,70690479,28395203,77672789,7096028,27081326,78142685,39024555,44777672,30470559,48164254,29011525,23580509,40953502,70081120,1540709,32265192,30685977,24057373,55550102,73822502,80849910,80479290,16795087,86304686,22008145,71875142,92449961,45439194,27550729,67151265,9696856,70431008,8349072,17631766,30259674,66410576,18014662,89063633,17773729,86427153,94922059,1604333,50291871,18411707,16028210,20591109,8404340,64246632,40594586,24545358,58868847,93203208,24831370,83097946,89196752,70792827,59235456,36120092,11278388,93595070,35897779,92112582,73383715,17023180,45848061,20866632,94606654,27568083,74513678,44675226,88112803,52638280,10363517,52476782,20519782,44767067,74387246,68604689,22070608,76283546,61966774,61120506,24818938,87806524,89286009,19987348,7203487,30638234,17815303,64236544,32208145,80954585,77649127,12848464,81613112,65569963,58556209,46868919,59300327,9147038,93313402,59241342,61330556,71713283,12040647,43068281,26636941,6758500,24628602,68828445,7348724,43508516,33128646,87070938,59309423,52963927,89331129,43661133,35728157,33608452,4320964,88259724,5057791,44216660,49395087,88521567,8832621,74773548,40959277,83332518,21968355,23326900,35190746,84246982,36332417,2141978,92098954,51770156,64403885,40884192,82881295,92087806,62762686,81438681,81230566,82945317,14672778,53171783,11259370,30134481,48046082,18670518,36976835,5280279,83354286,28241978,36565948,72413779,68956042,60524456,51960559,68627202,21871061,79314022,92379499,82219096,73287549,31344968,15768815,48017605,42074369,22638150,84077689,32288170,22775253,20994838,31820445,11067115,44558558,35459315,88528261,59032684,780952,66674164,28340135,79037315,46233514,58391999,28687852,88219203,15686022,48537905,21065973,14986679,9007783,434992,23713210,74789938,43943834,16125678,26725669,34658175,33479806,45532232,91465649,12600426,14854099,84962089,8941212,87150948,12358596,88142291,53859995,21127016,46739907,22239179,3830048,42657285,18317163,43426391,48692508,80471512,88308823,82742545,43240681,93952678,4247173,50899784,4223577,89405291,58515426,49386894,56832127,26268646,78948363,64647099,20512487,71086527,45625966,67644676,63144831,73981730,38498925,37957686,87465692,9665515,45627695,50664347,44795464,80429053,32399327,7906049,35293169,67018472,17117350,14623053,10234001,31105530,15787303,11972403,30913442,27923339,64870006,25077411,15325596,23976442,34743256,33711156,48612875,35623889,15911843,56016533,1572850,35165476,57722212,20929109,43181821,40240675,47398386,63523381,87320360,46485630,17036193,94750302,19099305,4608704,86905247,1900898,72211481,6157944,44912073,68298620,50723632,13969008,11958153,5787674,38848065,68687874,26424286,40926873,90225459,74584546,93337003,7090361,70879949,86026271,30663472,73710768,242238,67563833,81048569,27684763,44498322,87060508,67929890,94761776,61370085,64893346,14783417,67977607,40293993,16073975,342537,14871537,69154753,37801389,72378862,89132205,93718821,72097611,21452352,2507339,24316415,58637510,8979940,57665288,82481823,92024182,55869077,70098107,4639519,31965540,9402801,8336195,22122097,73224725,83313468,25056219,34797211,68095703,12812563,44088840,916445,25123446,71177823,17261515,31708708,78745191,19376154,74818549,36661619,9995563,68673716,11031295,28589486,72403393,35898683,34595620,83603024,57911433,80581916,62001833,23279086,69038082,13418587,49251849,16091509,38015684,55907995,25227577,73697357,15003475,75291940,66568848,79193096,10977473,42809884,39069685,29370983,47537872,62022059,34407974,54393523,72109310,48586636,50421111,55662880,81885427,22882153,94513186,65172608,63577170,35860722,70650685,28765307,58633400,7447684,18903453,66079658,25777687,88895841,51674689,74406964,73478528,93225765,86350949,88752058,22466334,5292214,14808059,92607138,63112829,15802450,922655,63133282,4608333,10421969,26579091,22486744,30941143,28587299,49153703,91667425,18684082,46867947,27161930,44992044,78109081,80724077,37450948,3321899,58202231,30343682,57139384,56217323,88137285,87171698,14726667,30574452,44187461,66918434,8680167,35266758,90098177,6409633,8166592,26977076,67280759,81136614,46969526,68206734,85065564,69524383,54337679,11900454,10726670,87075940,74304300,4722864,1195732,83242986,46152851,29914452,75285428,87315907,73314077,81107063,19736152,20580945,68021914,79305866,24643022,7584500,36192452,27466131,50817846,20574813,6872025,52513757,62347502,59181386,1881533,59394434,65218589,12302335,61964574,78617838,10641605,19668818,54903632,867569,92723831,11885125,62374658,83075473,84520978,37725072,17418468,16263129,48904126,4983889,58288335,12255219,33721408,44684698,65050852,74260032,81116219,81902224,51811053,1596995,45652208,7393144,29682917,22173545,65949711,42986932,89297308,74317257,54153153,64285795,20655303,80942533,14101440,42533588,61202636,72927225,56665576,45228738,41750652,18429516,76191917,44876991,70562117,92816553,76567793,65963303,79012451,34388746,94794988,70813994,31747188,17503200,26704538,12820541,8496972,59556216,35239515,91486557,85023372,92026483,26502021,534070,22899885,79381584,7072981,17809031,38430646,65692292,34841765,44633862,93779332,35802586,75971450,41419500,77773932,56827028,14903203,22907979,894158,72210477,4378257,10672938,32549435,31808508,28780657,6527601,24744416,12636010,32591274,26510411,60063804,83885256,85090997,70488,21709640,83992133,75793590,38992660,11252750,66630300,73663434,93653211,63701731,19816640,84271502,41209990,45933109,89281335,60354437,61695892,47881543,35697568,29233640,64020403,23053176,66312274,91659607,19234725,63683669,52714627,41862366,16452302,38396172,50629724,94195100,74233047,70232274,18214167,85244494,86558773,69906074,1989692,51958300,29440195,21324206,47643539,69480460,32883367,89126798,91075569,61322631,11704713,58061594,28272468,82905167,16115604,49017392,61740185,8431680,47480468,61809490,63719860,48670457,84481882,5955609,90269838,50226800,17221304,78706864,4337655,31976816,70478648,24568362,23978681,81660347,77169451,52466328,22966298,8660314,75037355,22976043,69253164,67212299,8487755,51021398,28997244,32647411,87947236,53744598,16285785,28910039,34764569,26895516,29535144,27444659,72231692,1049894,33304802,88874978,25433528,425680,6266044,79292142,23489126,79361265,84469047,14680405,11754943,24272669,62540410,13918471,73610183,61648258,75373333,60387248,54209112,3992149,48228717,56745719,77225433,8213539,83886760,10210978,34362179,61862694,51200842,1904025,42173928,77788110,73550839,39208407,54486247,37193697,23437233,45081916,14732944,35259489,55759954,8505727,32973024,66349260,65128335,79722428,80446378,52027783,32966528,37677243,70680397,43648715,8591729,95307420,53010836,7430095,14957369,41445263,35117727,76832980,37203898,28859662,50389089,70194715,26500523,74014758,93687271,57486666,57290943,31003770,84386000,38432654,79105454,30141088,36739743,65543616,89949601,13357707,64333722,82070332,4216119,12659784,6672489,76469511,87535896,818584,72195720,48453890,29254289,60091605,79107971,77521433,57710270,36197850,71576607,1736241,74640629,13809423,58049789,38186025,42307274,85678379,6171174,32683858,526167,60767772,45485570,46273830,39926357,48377052,87365767,52126241,16900991,95006710,39454028,58600799,90812537,16843108,87447076,31535593,55204945,71872614,93145121,62204199,64368842,14462525,58767126,63746487,54442580,94420058,7155712,67533502,1115914,78705346,30559837,20645972,53700610,869692,75266429,92256285,54489184,82214492,86909421,90108678,59589791,37343394,284909,58255048,3544479,68852816,60016638,39743971,47065488,23085223,28424258,42518423,37634269,71555061,75137925,35716651,72446407,66908101,67147379,59672700,47493465,94114620,92964050,32395506,95068056,27305329,49966152,66273888,89061062,65132856,81230275,94621110,77956670,84991293,60404312,77870010,9616217,50795754,4955528,3763439,8371203,26645362,65393376,35907700,92222600,91582471,90519123,10730636,79163498,17428122,55125855,74879780,18196154,71060453,55831321,79502653,84389201,40696339,30581115,23746455,54140970,68441286,19320465,44837648,79771737,70563518,9046888,45079853,41290080,31966045,1039868,31713798,7496043,26481719,84888579,31746277,60336318,64754590,22072023,22164642,80662335,64721523,52822564,61672183,2045012,15009041,38180023,5275443,11958715,78862917,10068500,61248727,50290897,35897686,19579028,41879881,46759614,31168625,23525089,87552469,19360213,30121360,39132922,66061889,78455921,77321080,77527842,23858947,64973866,93761929,80239903,57195790,67185300,79797976,22458814,93222416,64995452,68532538,22737564,88700531,62065312,66034705,26565862,4228565,59272436,62803356,72894439,40899050,78763314,47446931,25751127,64588916,43611106,49459208,44650448,69862170,7216739,9491382,77057427,12697835,85855961,18511077,92804915,92090559,86281133,8675821,76981466,69961133,71980107,92127303,1712815,82681973,29808192,72220415,60208575,84550798,24440623,87071175,14120338,84668466,79724092,82284495,78883328,69788390,8002846,55233701,15890667,41770798,61952144,44415648,74809542,60376301,26336636,86319641,51102384,89142456,45296824,27774942,49891173,73052818,35740178,33974756,34481618,87393832,63748403,76095109,55153114,8451282,30236083,79096809,34816855,81703973,67291753,51970560,6017830,42634065,79859038,50104582,59232499,15654411,68309964,13780037,21570380,6795849,93782592,93743664,3824642,52389821,90244704,37887436,33002993,3608160,77454328,22158384,28310024,23714673,35793312,2909902,90017190,66805215,21152302,68201739,25147793,50011080,75522921,52935485,75227645,58700910,11358236,85345486,87522620,45270753,66223993,50230413,22614093,36194917,40024829,75515265,55343483,1716755,40995551,74882904,72591882,61767587,41915799,28131382,70765514,39766170,65799903,21028248,94151586,61245151,47975262,25518152,24998255,31014086,35210600,91582063,42463902,8662714,61235528,12416244,47978508,63148438,36617035,35850413,46498018,34006358,79203610,5559088,36144616,76662920,64692595,32286250,40739463,34645178,80544901,37605611,66794069,39614552,59039422,58788088,58425317,29609490,40532690,72944105,9868564,33515504,74218395,41717467,2609592,44904738,88495712,75963725,56816346,29602859,26577433,76180825,87131692,92417658,33196333,547598,57721980,69412315,46900937,48038043,53733335,19131075,84883916,7033642,80546196,50218523,75791856,1878424,63072087,33095233,3723917,13397526,90299435,31692397,85423398,85541712,14065072,63659300,35818759,25043369,67162573,42804720,33220076,53581317,27336982,62623725,93142855,64973077,95413547,32275155,49960439,41717768,5016639,51618186,7924186,66597818,37083016,1098321,3165666,72586426,41772235,32633562,47558131,34957917,57773919,36314752,71964170,45566500,77000115,79302635,32169738,89125603,45302216,7119834,57383777,93060824,78764963,79345681,79900196,34825239,71119940,13864312,9402062,1173420,88772393,40757912,43122379,17647831,89168009,10948677,1431887,57766444,58653661,80498962,43847248,8407488,29932411,61584232,47012684,92060997,48696680,76131725,78798583,88943158,58472967,42256705,38726443,68389842,55882523,30952882,84908099,31876468,13018768,58411859,43259060,63523916,55516031,70131025,26288228,55229586,41722380,83164328,20976794,69602188,91895632,93542391,15980968,20225394,67538876,18151935,37064637,53704418,55780847,43596663,5775521,30401683,57248305,86952280,70570688,70636515,85955433,79325524,81172248,78568127,64147605,7072903,43970366,21659894,3471239,44375745,1029907,61446076,48470094,91564284,41650365,90884301,94895731,1083489,51635030,67639096,64291539,48769272,74114062,51844436,11276366,59374297,43722566,91051316,49291913,37065534,27839646,17102684,46936078,64908846,75055802,51487261,5225587,35056056,64673152,59218228,8461198,23740540,80646940,76039572,54840692,3111936,21586138,45127480,7889364,9966862,30792791,42369386,80938006,80278810,75955488,63219732,53552547,50833900,47522380,633895,17198391,36952029,32847111,83921084,59896904,51263578,30147744,50053366,31887070,60207381,29179123,49336895,82667153,33004527,39938271,79548419,42844895,93294522,12483257,77008178,88667641,40800251,52383093,21869157,841997,47122139,24987451,9094829,38975350,68389034,9561383,88155087,50299972,70787589,29768842,83369414,81899934,62868876,54916572,34481145,75341482,66020516,12354467,57987085,1192736,79019107,34384652,67547467,78293525,21074460,80995070,51163377,50601618,2299938,38996078,48999061,77186232,61792578,4686798,59543098,46492054,76975282,38580979,42192784,88944342,81761508,67484106,36853787,80061593,35357353,41066480,51169934,43176055,58330442,36794048,75146940,77026387,88654468,44196740,14474916,47809762,3124681,66850146,20382119,36153126,8263253,86758462,69755877,85450963,40728853,13154393,26286592,62784608,45720247,25372189,54925416,48719607,65273836,66956394,76571435,66663451,11294600,51497080,26784048,89529011,78707073,53441648,57913597,73541586,30600460,81617558,13171001,57170340,54955017,75546695,9814884,39266567,10624927,77227444,53955162,12791043,66749969,28421721,46984093,57830542,2057621,30789206,529458,54370965,91927025,35483936,86327198,71624908,88239132,81690407,10930091,69134951,60198553,61948979,20788062,26787048,24025510,85751086,80667020,6670503,41833001,74914479,78952465,57213156,26045707,7045351,35388250,14198174,45520349,48181676,54541103,44595850,25074491,75922047,7830484,24480672,55194826,41567115,16444741,73477309,16509248,55118819,83256833,34236526,77314579,92755607,86840957,79698943,61670428,1021754,44414011,9048076,57858590,53757186,25771289,74384866,83877726,30520020,78082198,77579143,58932755,29673619,10074824,27752805,26324384,67708889,57501414,43394811,21305446,5594742,20937281,71991544,85024008,69833185,64103651,20114454,1415758,87644427,10621701,86893004,50401301,87871959,36788474,1826994,86501403,90662235,25248480,19566002,1356752,44282635,72694491,78371193,30630765,16714574,7534268,12631784,81882281,38520228,39031564,88236216,49647994,30958757,5886011,10123774,89894020,75718744,89473171,45901076,44065876,47446552,29895939,69974263,32640043,42043021,77022900,63153922,20867398,13723422,54638342,15357487,62130751,59306768,33489955,87956972,75362552,22494084,51526585,3280744,83710502,47547167,82732396,56503610,91153960,79044328,95201876,41597517,63965284,17421936,84666379,74185931,59994197,82110534,53547577,14467665,28627108,62800365,86515935,24919199,85724403,5472465,55969517,67747292,86633546,16595396,8090451,84999523,5007147,5098540,86366839,23768315,42326333,28033976,63398902,17742399,63889066,19961979,83962394,90918415,2898839,84919586,62720858,14036629,31421661,82462909,54332698,34874078,65483903,51366144,26098588,61688522,63334862,72895446,16571547,93610182,56997078,40039055,93676460,35122665,52462781,31632046,23860473,10431894,3463829,84599274,18717857,83051741,36591299,30467997,45678811,30516396,68053135,88620451,9119158,95312943,47493071,35869865,82358133,63445940,90799594,53107489,39298833,69726901,12149467,27365676,84205448,29841006,76084407,42703510,23332171,71547711,6454833,66196023,2827882,69041744,62097380,69302483,21162061,5601085,21866912,19376329,66514663,93977711,23240799,24702594,21593607,22464054,17343030,7783226,960742,66350590,19829822,73020115,10838059,93708059,3794106,7406949,90628065,69050669,35550859,10053821,40815902,69622014,41869455,18001095,14715002,55097225,15446570,91381575,47826351,9213145,38829146,15546995,9858945,84070214,34999657,35516042,79005314,62201912,35519480,74009998,45376036,40459148,69370276,86372604,61061005,26384847,69975191,27435003,85461629,42373328,91098287,54676190,74773233,76664084,83537848,45574706,8102681,9291029,89080121,49176809,24052753,39074013,12682418,28235347,78082687,42603025,39314479,17648787,19990671,85862643,76305964,49498263,60559234,46253949,56933868,45481736,20166107,75171668,77114663,84856048,67771234,19791966,18786672,80361429,55533444,53677988,5254216,37812676,28600924,48196064,52672349,46281512,33213981,79776303,67448066,78663169,62306990,80778,84690606,51041615,3012778,77562812,54943898,37508975,11644969,85279308,47844088,94484454,78247900,79767574,72723732,91778543,51750070,72088110,17468785,66172040,70318431,12562364,84618086,73797338,72017447,55835044,63322841,40594016,28650346,11208645,40457871,51225370,49777490,64610399,15685915,89506948,54101853,66195853,90213459,17404538,42596152,76631007,46961932,15197178,46240704,63556839,13127056,68287969,65177962,26566840,46129069,78995002,86122381,33012285,73199575,13117743,19676615,69369990,74645895,58223499,42403347,89734059,24334396,39324038,13047443,89887140,55013874,41293771,58331751,13371023,17260195,13235645,45564022,78922264,39542894,30238331,25449345,14242994,17922981,21659510,93272518,73245162,12759930,43819087,60239535,91262542,44226789,55970212,84410021,69962424,20505420,25798928,75106377,93279189,34210712,46666111,59420149,60480482,90227994,82398025,79900136,13458724,2801293,1413930,61314242,7529804,89086667,12147892,3443233,95084165,64186193,80938189,28983465,6321124,44041967,62133078,14852993,24557044,26019660,79072701,11701940,55254171,53861871,59068035,46346120,5131183,39659696,50509711,20370627,10761140,93056373,76033897,58948455,54675790,30397717,68019100,31348496,79950993,72819543,75195996,7373245,89303410,24747098,37344850,27791092,13856476,92555262,43037628,75105962,67269823,57661264,63689628,49102293,13309390,12023752,93708366,36642223,10623084,66407197,32603540,69863763,1324316,73739211,66665560,12054326,23400457,40203292,44034523,24609476,12358293,45214210,95049838,4062371,14606655,8887256,15580773,92590017,58521300,42008505,42748146,74417734,91410369,92028551,24990120,61197112,75806138,54920554,48575524,10940260,41073228,31680743,50296040,71160831,59746917,84100261,13509915,38826850,82951709,9512661,60100250,69436108,87978838,39892546,60269143,46464314,40584415,63829009,7356859,79918049,34891067,8031124,86900700,70213088,60379969,14537560,36548780,14866907,52240828,67850971,83758747,24544823,28442970,4905560,47034547,6690477,76110189,94972858,34225720,2882610,15374496,27517446,27285292,63808648,18617625,34508710,61663542,39935983,22613268,15181259,45681841,64835587,29280912,61513831,34701932,54864833,50789317,95075618,49142041,31742597,31254840,94109411,27522344,60946977,89333919,2855633,32019295,74468868,89893138,14858709,64310797,17392100,9572392,47104340,15994201,55783690,69398315,45018910,72913116,38845024,51134962,43141606,70385595,34233066,94137794,93329853,93318779,50462414,125249,4080304,75709622,39438423,2393295,64007982,73223794,41180256,30322180,93526800,87527296,45947142,41387345,84558487,87441778,60510922,90303794,92591532,75481934,17477641,65055183,17640812,42300173,7912711,27384398,59419944,11569516,449967,77916343,91905527,6918500,53565574,43671435,32306193,72275629,73828193,11987167,71463067,22081132,5262882,75092587,40567189,15158020,76979437,7387495,57184555,30958014,5597621,17198011,70645786,22419131,23027031,3684943,34167866,10188560,84086412,88269668,5236963,67884060,78726837,58393965,93126321,74719148,85211399,61501047,8279789,57087396,89431666,70108173,49053478,76964108,44981380,76177988,127209,16254420,9371108,50423715,89269047,3943797,23200781,8509958,58488087,73184684,47810264,45641644,79711009,79536606,30442677,38435842,37760527,92837721,91925055,72197492,4872349,90945697,58198426,46096092,46729425,17846157,67190729,4734304,86524530,16428512,31536615,28656517,8313233,60840783,94686315,84074319,29972632,43790314,90420867,42975120,37840446,32780647,67132654,57760142,73397049,62188108,90086374,88108910,51896033,24096117,56754918,13579231,3201163,11826143,14603522,10274721,29913940,14768857,72149932,296065,48335607,17889091,23058543,78265710,32281087,22796472,46231453,394927,21738055,27654770,12489814,56831418,79414700,48793665,20526319,74818931,16323720,74715123,4880298,78642394,284116,88483494,5932959,93471577,49031979,65159933,95292510,71643152,89876114,53656568,59517830,3451963,64184763,75804836,86271699,11856787,1344031,27224710,89482904,34975982,16838659,92248239,44071637,23399306,7262139,72595016,29573286,60634139,83547132,58384939,44644754,30664749,23549994,12035568,62131933,15018896,58821212,38175172,85334934,19656847,43414102,69524464,69297593,14551297,66919034,32482565,68190935,36551512,94849012,20210547,51213356,42913942,77214503,37910257,40184157,62375862,46618671,48207586,90551946,85700293,69763739,21280430,58193961,77178361,75889659,45953791,49692641,42210015,16393193,2540458,10093871,69194101,68091683,79925393,71213699,90330455,67807169,9495186,52106622,40903626,20734668,65547555,74308029,71455761,27381863,70815973,27625125,36756554,31244064,79543297,13926775,20243960,27102383,77391910,63566434,74266036,33450883,36362355,81960518,36864853,60724992,73414287,23991610,76931043,13760724,57296042,91972733,39129877,41913234,45058781,41540443,48732843,69849613,90728661,38646650,7052571,77748903,9908175,42756049,46718728,65393347,7875899,88041112,71536650,64302152,66444611,18034516,53665603,8700987,29487570,38017707,89024164,157903,35801873,27362348,50429340,37621270,20399063,56823545,45132035,72074670,94651086,62602346,12500088,42815958,14259470,81813930,94619971,935696,9460984,15494230,47950792,35358626,40239241,11142864,40492794,68456419,70957887,18046130,74788226,86135350,29941692,67136949,38849218,86371082,3692293,28844397,23322565,89871417,85757152,24708280,30161235,84884234,6520677,84322428,29281117,81854783,16984573,49793255,40671063,94530812,78969475,76709899,86401388,16533328,1757487,12649244,8857820,78572821,63464588,72536396,15640826,25694293,20284227,73396759,48677288,44798285,15023373,43320909,66829505,26328519,59099379,46979782,71771348,80380058,38844579,81493871,5922457,60090302,93425219,80089066,64891627,45362606,25945214,43519666,4700153,43309865,31600523,30742300,24011228,43822525,72820053,84174497,83440037,89334193,42530155,67405110,47338842,67670984,4014274,66150370,3073736,69097183,68964247,14211936,22376444,8827503,12329039,40488134,35501778,18357791,28890787,43370212,51517141,10649549,39590550,4094896,82561131,94877645,24046635,19700049,95048504,45216880,65602261,47663690,27278820,46812825,24785597,50863768,79168831,77406972,57018004,91449368,92749233,44614088,44637310,42168809,38478803,50207107,90994746,89674792,26275227,66332754,79339194,34907301,95391430,38042312,28709062,10679089,3740798,14237049,60599951,20171639,93841825,17808305,78213177,22739024,49044873,93272095,72484396,18987922,55423507,27236447,76862483,8850661,94645971,92721858,65382211,48670532,95237411,88288161,52915551,75930495,6706678,60536452,27881082,80704297,34239306,4668834,52751199,30522309,34109274,47098565,31008484,44350665,9473640,53177579,14747800,55349820,86246519,16045359,75028545,60415552,2165010,4802299,48702786,93694017,61570476,56722250,73348453,41250713,8294977,22297590,19678190,57271853,35244194,18368521,45218871,92182619,31220517,82836754,44148034,17358481,12309274,58147916,8545746,77140728,87480259,18432652,50618844,42440003,72117178,18903275,43845875,86995506,3498397,91966857,92580724,71148497,38541532,60094616,49013863,72740928,54492014,22207650,10768129,81874488,8683702,86682725,69388758,3619079,79483807,11679031,17152205,56994412,50105258,50213780,19932607,54534413,38087112,24870277,39405500,37023313,36899638,79315129,716808,34716991,17192929,51864897,3133949,16439562,70613490,82750306,63934732,52635248,19184293,62196110,54099020,60346167,28842743,16110483,60508500,81748889,74458717,78401702,30450272,68162555,32267573,2405697,56167377,54019238,68552175,91583629,93550355,6237903,12580858,16379020,91381855,52775674,70038948,15375879,54567454,78519098,72966298,69738721,17168591,14409932,80637416,62766587,82293701,91590709,73012164,19375051,62139399,73427025,70975351,35923640,42068751,78889869,36780362,63637360,14382050,45942223,10687744,2614184,88276439,69712839,86776819,29923677,2796705,660107,5689366,24880407,24680102,19814747,46256196,77052331,91542505,2263698,78317793,13420916,66543406,77356947,64806100,48572276,60559029,77379307,51464491,90242995,18618048,2576259,93547416,4218867,46252557,9559100,53295363,93324873,30811813,799893,55590474,55036514,59371872,31958643,10627950,90327834,94484493,82434204,51035810,48622133,15370489,39826375,24706494,72805016,81302359,94633859,78224359,51212639,37385879,40522863,14631492,21981783,34881653,84825932,49019883,26224041,56214471,17944824,886162,31138239,61181515,89929664,87103672,54906281,42581336,30722376,65518114,50485757,92256451,60514548,89537026,14030159,61581491,38324446,11145550,18391799,5113872,88345329,39149209,68554104,6500037,48859061,92081906,8364907,10210732,64672367,79795456,90739931,38392385,523905,43207507,91096124,62290741,92931276,83641158,42033924,18395046,62800884,66312820,75419464,52876383,89360131,67424462,28146059,55593133,36685874,74182025,17190323,9131040,39214350,60205598,74531028,64748550,70516095,8818773,49820616,58783806,86778427,32981153,32068255,36208428,57165271,90924982,79401065,27356424,86269321,89566252,10999141,8213594,29654195,20017033,18294389,25595698,7375915,85991194,2679289,88624784,53136879,3546481,701272,82286119,89723145,24039624,56875984,34891823,48800174,77805293,93563866,59639667,80511770,51622062,82157395,76791338,87768301,5403870,67208248,4472404,52144270,2376755,6203225,39088433,45580613,60631812,58436253,62993392,10721516,74104044,55855685,75400759,59497659,68691239,18379401,82882972,44136092,90689320,86600267,42423606,35462314,51638085,39510537,65050651,42881105,6449833,29729431,10440529,42482322,22395171,20460655,59340605,33879818,39893481,22136806,15905441,60064815,44005782,84144633,49726103,43215770,6564376,67908363,88970060,10722348,45562255,8658246,66043412,71847748,41412452,80035835,53202622,86007585,37320327,39418936,16044578,64946543,16645871,73770007,37496554,60168169,27705990,13998366,72958594,92378318,37172313,14035158,47578143,4586656,38955628,95009050,31172385,5944230,72803495,29137157,58119300,83717769,91944341,47066985,69474057,4947692,68067511,25273403,6017131,41636036,90471440,66668616,58852118,89309579,2541082,40488919,2628661,87332144,2884084,77604529,6002257,53304418,43006207,32671701,86123564,53721498,54082412,82306696,41215961,8014471,45185568,77974762,85633251,52535868,59588779,40819812,55227825,41937549,82689166,2719202,2978576,40500266,36730283,25108967,20322202,14065011,42779082,88175441,70504363,50371579,81006900,41296809,87981380,52024061,7737111,83630291,42892873,63382847,47647363,6010635,90313953,38009857,45585926,78403829,7999537,83131817,57875391,64193495,54980328,28882263,21575455,67002649,33303815,55389784,37038305,23474025,79650706,26709092,86141772,91319121,61509544,80404774,62748074,78577824,93853958,85241564,86721320,94890782,55293377,68807211,68746454,29164092,7563867,74887606,60379014,70336186,39109541,52444151,24902607,5471159,45923533,17292912,73340707,6090290,39704349,92387187,66978043,16521137,49918605,26736200,73801299,52707956,21875130,28040942,14174528,25575635,33704003,10369212,11454451,67154348,28328680,26320175,5864274,53508677,27206228,73188154,64939573,57078321,91596778,44185492,48134718,65053805,54081270,59197882,45024376,33107503,93685146,86918926,64981114,64251946,12814730,81487570,83172277,66598107,66441556,20000014,47799004,38816648,76463469,15916732,65504059,38445504,14190543,36503281,544794,58252965,44227355,10533347,77027424,24111427,89598968,56152862,65290718,4773274,13540486,62148764,69210305,22408023,67263447,67730587,88208486,77628792,64828199,83783099,92031816,80770750,31413802,61644314,59601974,90976311,17037348,43770959,34985333,19173228,8012918,72000246,71424140,21616388,24145794,90321811,58902099,62731127,53385083,41815002,74036530,82739248,1318642,30275840,32374070,48762291,23483036,58813287,6853773,94235059,26333525,27553632,17526695,53916583,84472693,19571690,60704043,17235435,31973233,67191109,92005144,8984997,3697550,74460603,8461986,73048528,87558214,41670086,31506887,20566434,918356,48860145,29106906,79133429,42227268,63109808,20438410,79173716,86200510,66955565,71283371,88125737,36363479,24709611,4285059,29095403,88102757,45856204,14017399,89821909,68714070,68306466,3157427,19964021,27556371,82639871,73327201,50495268,85095371,57707061,23946524,79393627,52285206,43316983,70588565,56877927,76971864,7531880,51079851,78396611,1781454,22822768,72512404,21402207,18360392,18719270,41921973,79073467,57025265,56263556,35074820,12325149,13623549,47850059,57622888,48237919,7350368,31639414,95423046,41474993,91553394,26027427,31423450,66884207,77001831,56075161,72853986,78384125,14904095,85412962,22789110,25741819,77858965,79179339,2192569,45558704,28420548,37829804,36161741,3290574,58272158,11470883,50924301,60557558,60432568,13125679,21625762,39292523,2243019,7869727,44623818,23317082,47459944,24290481,23931826,91325822,26722009,50650226,82179836,66321916,75187442,29987011,26256160,13815563,19017136,68687082,51414490,69459018,6613903,51389885,38117313,8503224,71290111,23319100,14562987,26319574,52581511,41297651,79323332,29460694,86490769,43623608,161694,82390827,67509902,84487669,33344590,50838441,92792520,3033054,71434086,19747458,21826210,21965494,43872920,53554183,91812580,72223158,64092949,46847164,56307747,72582734,76662159,88157055,66039584,87807126,42132090,58986888,58834600,8871576,16115959,80997512,58859158,82153289,69445357,45820241,90288501,86801480,26160917,21122899,4023368,37886379,9540553,51176961,47127364,37213860,47244360,22732803,73852811,36342040,43758102,48113713,6233546,21094657,70724685,49236585,22985614,83938793,79707491,28494539,63118635,8617859,50465084,89584486,44511737,49134468,90433650,39233061,35137935,64050857,18531149,93150159,43440929,9046919,4791030,54545004,3104157,29480959,59708625,80705023,71323488,48211431,51221070,65552673,57343064,70899418,76880775,12864808,70637739,58083241,71985450,27587077,32916155,5362098,74383467,63230517,64957585,78073827,39570892,72577353,78916276,93252246,54816258,91251569,8055169,74165457,94411174,50725067,75274484,70790825,84216148,73845710,93172690,45297848,76032997,1185740,21850291,43739455,47422524,14223206,48229258,62249701,91561258,91903264,86679339,7543224,74829208,36002680,77047066,41835161,47581440,8766425,17876670,53426800,93583185,67577757,87754985,63614757,6259618,66598162,12915920,1719511,91123967,10987607,52135812,66168339,77703344,31126722,26399005,12510050,92398261,6352082,56479534,2989296,59372351,7890426,90248871,64725451,21146745,54487362,40337908,39053814,35375497,28121352,91890524,7448382,77167926,32849214,3117807,75879237,26940042,72116470,48528128,10324556,43468069,55770721,19462972,84089109,55129741,62906457,43967309,79291756,49188183,42662705,4267255,22040211,90544829,90346607,85033506,87530817,50475119,80394756,32445658,61944452,93698922,76251208,88471155,83164359,7259731,17609461,27603867,85071255,93183389,38365636,91634558,15648754,85371647,15319608,34083129,83613444,44892033,15143857,17756557,5180508,32775821,575661,72563015,81219082,76885436,69799034,63792015,47860005,26615192,53954965,27985552,3257623,19527795,15356336,22516887,13288300,4733586,61499208,14500402,9868426,64152094,17646177,35973580,64003441,34478887,82772964,14623859,60096608,65183204,10498905,39548273,85208870,32191302,33068096,7553966,86562286,14604535,61541486,23091199,67685433,24197089,53587711,86239396,69250241,37525467,75011700,72854182,89743935,29112295,88242609,11367580,20735772,27641999,44240353,57538404,73897771,91357868,49554976,71658635,38067045,43661546,3878625,76613400,73063073,42044530,51564772,93377606,58306084,64535324,72152787,83192902,25077672,29033049,66568592,24475360,354459,93202220,64301565,28537722,65947366,55642129,54838267,42691865,48914055,66327917,48936567,32128182,87001915,66761610,134229,41502822,15514281,68192185,56423817,71487393,68443806,23300331,38023508,44616045,25640154,4477033,13998028,86737249,40950757,85222478,54246752,76081791,2685950,56184424,83835049,58728945,63221239,5439429,60789869,75839084,11871824,20752110,49991035,49529623,46859058,41433075,66933113,43343677,75327337,56801558,21514230,19071060,74487883,51023113,45402268,41425291,63465222,72736909,38368507,88239323,94502243,71422045,63129680,79828455,52689369,64007549,88394150,38001444,58974331,76854896,65570418,76561018,41873537,66026991,77278282,56368616,3306519,70423941,15732425,52302330,89216437,89323827,6606089,13101982,93190872,67404618,69208671,46231701,61077746,38070648,51736069,21531184,83532572,5528960,23698305,83848689,16879088,19081412,82241657,84647553,37259028,13565775,15391199,5286080,36902795,5426223,14887850,73303559,23456561,49953810,75592734,83332388,56820791,17799808,36868984,18413630,49275086,25113879,42439617,64960864,80802170,21055835,71331521,78845401,83437939,76293911,29658245,50153631,83487654,43393922,60480129,88194510,58652958,80676436,20712405,22233814,60729805,35976801,36906323,30900369,53951173,60658292,16148553,17677348,24975388,60366814,10256444,65516626,46645010,61321508,92740776,80187712,9971731,17935413,69736510,92577382,33010719,22011129,3844249,69783669,88962217,44496079,79792859,84694312,9655075,63460462,26560808,37357838,11862819,28563345,20532832,41054221,48983627,81312841,58756116,73201626,75928121,2764274,70349278,94795722,1571184,30948928,84676882,53649297,27810866,77761918,56549465,17201522,31937519,43040492,70479442,2742910,35758151,93210607,66040051,39743422,14969452,80830653,69118183,17462000,80969564,65342817,75264397,68182998,90521479,42138625,22402732,87053013,64567854,8941108,86043901,37671117,18688981,89744143,55885370,23301530,75412252,84771053,90899554,70046408,39585358,44784644,54093109,54918980,64226862,51772084,43242790,38119393,2960651,73123923,20264195,22720147,38079966,46312672,68679212,78806751,62082414,33414734,356589,62255522,45091629,1681822,82490872,26357219,38397367,27552833,73301973,50970827,10971906,50850973,52011371,7316541,89546920,73173332,14815503,38434855,59830842,56127926,62411591,18095141,27465310,23828466,79708829,11063433,95265964,22867820,19245049,62290770,1197288,23648641,56912884,17182197,4662012,11917673,67453316,4691332,89282851,62683349,31232317,34329997,52970108,43246780,3352862,10495676,13096545,44121017,69239211,82117584,39757353,66200644,22551826,62857162,17069725,1310615,84958531,23999419,42735646,59911835,58059303,87922112,7754775,25887262,11540232,28950071,1696925,55679358,15397522,39672116,23141714,9670180,47413926,54027623,58547406,35791225,31368948,25464906,67741210,23628641,63644922,53408120,13583163,86382690,74649953,63801556,22252448,80831671,8263950,3305308,42848507,6250883,29493638,70656687,70204448,90821847,12265242,18653433,18879244,31547836,56804819,15532431,56560663,45912840,84394537,16402875,90736721,85378088,94447306,57924274,28313118,47307093,15161813,35914778,29228277,60607990,93410674,25268848,51307399,54391747,13479955,36723496,1700231,7033248,68114011,87647136,27700479,18691570,38769354,88508152,55131097,87781089,46410337,56699296,24390101,80652795,61951897,1695126,9467970,50252719,87573887,95295734,36146410,4928789,83406824,74935509,42850055,55569728,4302517,14922219,67089389,18923346,86533130,61476932,38975753,59187430,69768556,51041771,67453438,27771132,94395933,16956433,95284562,16409127,16325638,31211429,93385102,85734465,57177813,65295810,90987547,71959784,39105494,17749672,48682326,76773956,15854758,72213181,22316467,81862197,14572948,8740415,40875110,63283956,38263425,83611653,39116897,42601207,66293758,70008976,81639266,57695958,61246899,72194962,19595664,51470946,11322610,45120458,38146536,2694980,56140214,30633940,5370613,77214588,5707514,56379852,42544581,71126815,20125671,22901307,32745687,91214020,86121210,43349327,66032276,12838335,93713450,79771707,49146129,52330655,68875176,88923792,72945776,10180097,1570351,16562520,22097862,63531507,80547134,14865585,27598806,86993569,2488908,71394624,53432560,78163971,18763789,46629531,67436362,74200610,65558857,94192875,50986581,55230067,40838432,56835941,38556050,26477978,49079077,39352784,2571415,64674821,11178135,90687940,20596962,50939836,76897797,24225106,75142915,37994642,56411294,88798626,94809836,15446831,91918021,30164786,37310029,48546386,73466017,37855509,62907267,62670932,59151500,80260974,45140535,62191737,36723476,3458772,80654003,60276589,51010066,88191158,86381791,28429553,11071229,4205545,14326991,57005317,78368988,20648769,16627796,36388462,87965686,51557311,48750781,78401685,37463563,79341934,71340713,37572393,57049846,83342896,45133063,31155879,22076281,77792669,25838297,7900890,86563333,37839589,60840683,68863908,24215872,429566,12500344,36829800,71838375,77729601,47773511,42154815,41559736,77660863,78903880,14488136,46085944,92188427,82891930,2914287,3553604,60147291,47125980,6598200,54945952,46973321,21942564,67457873,21320918,2034672,91768252,32361209,1383211,7034188,94604785,93634071,77614690,29616554,53777422,69360437,31551784,36675853,16112044,62577689,56818473,68051617,50367009,17269101,30215532,88832888,70016046,11398127,65578992,30569044,45685919,70705550,413869,94078460,63303779,27344205,11280681,26368920,93959226,58535934,90247738,61438254,18960484,41745353,57065709,50325603,63549012,50317718,30858532,57824889,89056963,79926758,38610021,87671453,20216851,46174387,22306882,10444689,9127412,28530399,16284086,23574627,56917343,59825007,12441476,10803768,53087850,19191484,36009758,83050330,33387398,5765625,90980328,72551607,83877050,68838396,63434763,59702558,76188567,22779654,55359751,62637770,29710061,61309668,27563945,35307619,37451868,29235624,34246564,79475303,73884859,85356797,12454820,50998602,65599621,50487212,45277642,26196973,89056427,43874156,67588349,29893201,81871350,12303750,4591473,9956078,84768760,69483281,76447557,30576767,79555700,307634,45388500,65714448,15537488,27037185,9481880,73019329,55389698,39372853,56110329,86013845,18870975,8481254,25169995,8578575,69727685,45239286,17556682,31460790,24348811,63130188,39307706,81231783,65610834,20793073,63933848,37960347,47603787,26764596,12762151,2006127,57606376,34573384,91377804,32534239,82619311,23481199,30323180,78598436,1763946,31319672,25503324,70880614,94282525,73398031,29733860,46992663,51025183,34502937,60043136,43796735,19991174,25762454,79418488,50706179,17603416,40843394,52806385,82539118,17642415,84580120,93654953,43421150,39391223,19569383,20594635,70278465,7440343,43501595,56180447,6095003,1720876,66691762,3116068,17917998,36894572,31924253,94070226,18938167,68150751,49669588,75312350,70413745,82694450,53982385,5446506,44831907,73618966,35723433,41011618,86339207,57833361,45519655,83772667,5326748,24359257,34803399,34032867,92977735,51213730,87384866,54122782,40169435,62982073,24514304,58173425,29459884,54179211,91171093,24608226,56422090,17555823,44741468,9544649,34392812,24075413,22793084,67899509,10729811,40289232,17515373,87523117,19805876,39532832,24826690,83791221,34083642,58653076,53581110,39578358,66733914,92401542,4047426,6346336,62857890,37639335,48766092,62193877,72087889,68036733,69568374,91208369,33711262,5995256,26869102,27209855,79211348,91419247,25397156,34510393,6633063,55168254,45354648,23000543,5605813,57894547,66336866,41313131,90175507,67776941,69649621,88991468,4200909,42576409,47592046,79077817,36461556,71121211,12738385,75998411,49541524,58472145,56726817,82200115,89560721,2685639,11717986,87194229,4259719,3053230,67803478,3013995,74121721,45529088,33158722,61496840,19849022,49650406,51138995,54683994,42169624,50844913,2401328,77425102,41475047,88416902,8148517,90892460,90269492,67389617,91376563,81753511,91712356,17127263,28022176,74664263,86627429,47200652,33963173,12787032,170205,8733263,65894232,51502163,39811181,18589057,33320227,20466563,30398632,51310149,66238587,35368402,57203716,2702066,62573772,7712318,80842290,13691844,74473782,1049554,4910108,78824449,42863137,66697117,17723716,53491022,55029826,91709992,23137395,24437931,38245910,37945465,92820754,28198686,49202548,82606251,4035803,63812429,13359363,84234850,56173454,53550970,4519436,91161561,49263959,61060649,86564714,36799273,45296057,84076588,60331664,57355707,44252506,9147262,55858870,87769547,75112541,3766129,15448268,82328308,87074784,54797870,13834526,69723427,89693719,52937266,18003384,2112381,12613632,76813021,10667189,3551184,31195866,25013686,13295575,22280976,22640372,77492685,3601628,29781621,79969791,55247762,34353874,93659181,46845098,23934654,174804,93134392,95226857,68501638,54250722,71596869,29477270,14667801,20083304,88169551,9910266,12472275,79871659,48172522,51846639,30151935,26163760,73409396,81380836,23174905,58991027,45204100,74024358,89853084,59343609,18806416,17252479,999557,2872650,66118839,64071918,8179518,78849708,42556843,2323027,58000952,47335955,72246797,34404901,41925665,35095256,39148753,44034290,77458283,13670121,14176539,87044277,76219303,89338839,19427225,71522379,70167088,86366404,8639966,11453041,32844924,91600088,19632965,93415588,69266483,78046093,48790388,2911543,90901477,7438448,25507220,74603544,43907307,14725347,53135733,5366406,68216758,55737808,57787456,91557395,31734448,94465065,46925709,68213784,86708856,90125451,10633327,72375253,84279936,10704661,8885081,48128766,85402210,5055950,64924736,7883167,18492674,80137398,50638458,27409639,60643521,68966868,54167705,85115684,30879588,23629548,71524828,63125323,87288800,17371952,53538192,20725871,64587712,7707178,34458416,69665392,84051521,39214085,29401676,42874559,35322234,93817793,67489926,81479442,82878246,79476974,60019176,1477385,2855487,69829066,78353369,30141275,94532663,37787214,82143904,20482207,45658821,5125768,92896979,16311401,46880887,47496391,62509583,36889416,71740283,20891224,81025342,87246866,13826053,46789052,87760426,58054123,7607735,46537497,45356393,87930144,37723910,35877487,57829988,1486642,72075645,37593988,41374205,72860889,61641837,76804667,60633136,70002459,10722322,31831613,58249314,9419807,43124313,50045863,74745989,52670890,39296907,37868882,81477901,89696576,24458257,86628192,45076363,28793063,718317,34853290,94932217,52301910,58643951,27778745,56493708,49132894,73511064,25289740,1787153,49102376,43983765,57364979,3325520,47838754,90083156,63216987,16308621,68335962,50916512,75968306,31841844,86927839,71919424,88345071,27795119,26877961,10787602,19369107,16786659,55396165,212511,87837606,88277136,37549641,24953531,13572450,8706666,65042014,69202433,55761507,52785541,49781365,57119968,21625968,76810749,48590642,68147627,10966011,90886695,63320020,48156204,63140338,46368567,33458110,12758943,78204147,15989118,73841421,49191137,17212798,53433687,12249427,50725599,83332491,7647537,14162640,75501107,54301993,82242556,71520084,62662022,85856799,87481164,71403267,95394730,90106787,42462525,61267726,58334275,12289084,4307383,49388804,37358478,64407275,71470566,48625890,75034594,89592874,43671204,9748752,75788554,21292343,53121915,82264072,83746364,30034028,1041535,73247173,21279398,79005535,70683175,22695614,45628338,19487221,64942777,43328331,24982951,61858430,6019928,62092904,35234596,91521879,83634671,1502453,85332653,23938187,31742081,22184773,88370881,47222703,9242203,42658975,58171935,72091521,43429830,5617145,44642276,22704900,82050920,90922964,25717723,9263976,25888789,64957383,31295818,11164393,74982549,3556083,1052790,22862007,49487696,48160388,74128351,69207245,12012406,48933805,53535923,17840447,94839125,22282775,93261739,68168524,70901353,68238821,7269732,52024220,38884848,7106545,7272770,14229913,79472203,10000841,32918466,2491268,26611631,62412607,6073947,35169078,49963598,76186599,27754095,1048547,16545976,34762887,13791354,40470252,69354739,27980288,40508077,17632683,23997236,13553202,28092733,85657703,47995242,290934,62665824,12512139,31716179,32313049,24402451,3186031,5191812,27534557,27793244,1994854,40401760,90491501,42696900,60513667,30769872,68427695,6591920,11502556,89204604,90426886,61214516,81035635,71509314,1279120,49746096,90972528,54473155,69184217,74829919,67360858,42909367,40762279,25161082,60977908,3650246,13545052,72437886,61705970,54736998,2307022,64107579,14218330,41260897,7364553,44753812,37112256,75346967,13677411,52742633,26376554,34526527,91066964,82091604,37620660,71100241,73530057,20205612,76789798,16935463,64219572,78854182,44213120,60811340,4861846,26738428,42743043,90055186,85380379,42398610,25518198,44058511,51382057,63216684,57779331,94340966,64098325,4285509,19268462,80884895,54776707,59675310,71911320,75700513,12692736,42318318,72383659,76809306,51935028,77260228,66919539,55627432,89531887,69124482,75942770,89035848,80793507,31799175,70406931,35212870,67736668,72497329,60645598,56582539,24919452,4976676,82354172,19119855,11615824,21718143,50144360,18198988,64831157,38312860,39426163,16684176,31347677,92109450,23238301,18073621,50228994,64979217,77403525,64102731,79749390,59280908,23544017,43513434,93659075,47194511,92070981,79559640,22970197,62776317,644350,64330304,37930339,69673542,53063002,77771431,41344444,51074251,41644047,79760568,11843474,28157823,64104248,37977870,28082233,8846672,32750301,20411024,1063335,37072643,31342183,53339300,69557108,24057582,29794645,57719863,40326476,72073620,86629430,34911341,28055584,78637278,43282204,14498638,61727386,20247357,35513244,78634980,2943755,58202888,55237576,44844760,33836847,43133408,26229042,21516052,9901868,25169363,5772602,6737620,66713105,67308003,60734316,86624097,6593175,91941829,11188821,64156610,93925309,72346055,256240,56278251,6184156,45993259,85692568,5043876,28901826,48011494,48353251,63185135,15745447,59862328,90253545,4499820,23670475,14237841,59886377,80157850,32637586,38398106,74787583,40421162,66502076,13980656,57341190,84191390,62846610,54328122,36835897,8631407,87847960,57465999,42889177,28879179,77699143,38194600,4196733,4354402,18664004,2981314,67664226,72208706,72890329,63330781,6749385,48808679,19620893,94053216,68584368,55508177,17431612,73225148,55044630,43332973,35067772,19614641,29532632,32320707,60186663,10708102,45231146,79947827,21127379,34400789,87230660,29224688,77154137,40177328,51369905,59227691,48960589,75491052,30216255,93158160,70771095,12763540,49014470,30176169,58875446,37136645,49203009,48135016,72200723,83998200,23870267,33640537,46930104,27832332,65514309,45145267,22480748,557679,61702205,32117988,90922285,55822328,9963109,68354985,64588904,56617013,91443617,91006973,25517321,5278225,47685733,45671057,2384754,31760069,86942372,60114734,6160861,47998532,59410604,46330957,26127804,14249364,1817188,7961672,79854413,28213773,65871305,27126696,68162193,49868187,29110016,43656010,5246796,46851281,5813900,90569477,42248024,85794004,41658495,36771502,26342665,55032228,92602469,23411417,40451432,78282937,88508752,13749910,89300462,65659337,6726579,71027576,36434344,3431230,16088397,69868712,51604306,31307053,69802600,19131715,3673484,95039369,49092543,57402565,47457132,78402830,56919103,81912006,6349431,51194836,73731325,85002615,91435345,20412464,12002583,30593328,76499302,31651424,37164511,17594188,55117098,65458233,75628826,21986593,84051373,12521250,64018572,49436691,67350635,1936011,88847682,72448514,77881203,57862141,17125322,93788421,37348150,31495227,31362226,14328683,78668947,93665683,28478184,81336776,2132927,22658435,75270807,41460063,58011336,60084724,61999577,73248213,47627215,48464419,88818607,72717702,47269694,12757934,1377512,32440208,9390976,36289034,33373185,29514849,79706554,59434861,92500176,61449770,52578065,18242427,41382875,43589369,60932738,21089695,3169995,73360125,45801033,91403260,44560332,82347008,60188183,22210158,14744954,82267794,82119021,36446462,87025144,92684558,69881879,55858099,40023030,14145139,38442019,60507094,76109003,80840196,14961156,90093477,41740441,42531809,8427499,77862527,49094211,60831861,58472994,35137463,68425610,87825254,70916575,46286731,52690725,228310,66117743,47974278,29424133,57513233,84293034,74726280,48099451,64114207,60798138,50578728,10875592,52700845,26478263,35512467,26641685,4995714,92862480,94453368,89949085,55203,62169621,22370617,72667381,93792333,19533307,41256317,33069202,40711443,50403095,37434829,66784725,35753823,4113133,6544988,25096863,80943634,7186905,35624160,37485740,50670160,40342534,12068033,66931818,92714239,12903391,52678968,59914996,28605600,65232043,30044147,47226839,50020866,91050430,22065374,50157590,6669142,47068447,48590894,60661177,49823851,20630909,19241681,12978453,47299836,65217198,61173818,94452163,28147294,28341940,56642176,90687398,8621697,28633734,42560533,42111008,752865,57690170,51245265,21557776,90712569,77617244,46508166,30940751,47358689,91292009,44117654,35567920,36882256,48513121,8609582,47908297,58287000,15357755,54807874,25365655,57179729,48771597,87674428,44058724,70014752,7733378,64095363,19823588,34531033,57447089,85730785,45614595,31534023,32172381,9801540,8008423,81212576,88682172,80333992,56340551,25314548,52914013,17917148,91131887,49381368,15028324,90887699,4988907,52747435,66136290,39090041,28367170,81908286,62418675,58801600,82914662,35149813,29232853,72811580,1832346,51884952,49802196,43461241,41477736,1453242,86464738,76007881,31328115,57612936,31662783,57652615,58564803,64070077,58813833,25630930,28431451,75764558,55543292,32550582,49977502,3182396,60311405,14393451,62861845,32949676,41586619,53001570,45895439,34669813,17438889,80475727,35713896,12910987,29042039,54409325,66038824,43966124,19223862,52882088,67385944,93533350,421238,10660276,37822127,93602569,81634952,7859996,63947279,58847550,2738804,13279616,60452494,23065729,66868563,51184710,53068563,91640148,52328650,76939613,38029437,29684342,13948073,57341021,43746814,73818613,38523005,32418367,73528708,37630462,52038325,21680869,85081641,13449142,59729824,64694210,55211622,28653264,49713566,7946145,27640698,93599168,18658858,5954955,15001166,70872619,24512139,39424221,9884897,29612956,95187431,541443,64559841,88717620,70903939,15077919,43674579,56158470,22062887,41079524,13141572,92043941,31062948,87929179,5464715,49060976,8123908,39366036,94282011,32593330,48497472,60315423,60174885,300665,51113705,85779970,56341600,13891932,11301666,63903262,38360696,38404253,45662609,61493129,42727818,23010744,61659694,3242831,94805853,47197346,31397442,18610099,32007352,30790244,81574465,82201927,34267794,13813383,24311069,78366988,5528388,32914474,61817749,1644681,43433486,90111240,59731116,91583019,53910273,62067672,29797634,19070845,93064231,8753271,19024389,58848756,83728603,22594696,84195707,50278173,44753127,67978574,48255536,22084275,74438427,71429225,23252669,72445421,46461734,55574672,55328143,47311409,49887483,31120633,51078566,85571451,11264949,31381963,85684224,50999317,4399848,30240163,72169500,77480673,19613630,86408738,37896198,26105780,5464587,10368156,94861506,75972853,39596476,62212018,40339181,52145854,39185841,23235864,17914004,62669459,65170526,33965318,75913727,57488925,83464376,34448136,50268680,38957097,90498630,25628786,93542826,54359960,59968954,89070463,47632226,19710915,61564363,8755317,64080673,42586814,27605913,82005353,92324709,38897268,20677150,18309312,16576696,55017954,22247867,86023327,72672336,13541879,48620554,38041055,25891400,23313343,37293671,53999262,66887279,25661827,37216706,66478043,68008733,51436723,18210760,268091,54731131,1282178,68550996,44271044,60644352,14347100,16121315,56619031,82317412,15427662,35148037,91267730,11741009,2103222,93219696,71010110,91066284,38526596,88086611,42316928,2793984,19485495,47085132,44663670,34762820,36785507,86111869,13268988,8494673,27639235,93890702,85219762,16417480,19713859,35295450,94983127,2988785,63894380,11562745,4178313,31245569,48108936,93327346,2262103,66605491,80215808,46405784,19976308,45182015,21964357,24024808,83572512,61051772,76025120,86267475,61679603,20948148,47743715,29281424,79124806,94278043,59381668,74708051,55651388,10976686,52913718,70224285,39327676,64302025,32874155,37277094,80325094,33576208,78810648,53516491,93688826,38900437,37571086,3855733,83519923,35059223,50365817,23629236,36803493,93766151,47472770,8688029,40264403,67654041,62396240,86968841,63628470,68696488,80177308,69430964,8952084,25527083,92740094,34139688,83187867,85106460,84827000,58416004,13075510,77699326,85954137,51425025,12874287,88212207,39496424,9850165,8765561,74282296,71144931,14780928,15101350,64895035,25965745,69114555,32602535,26701979,46925508,29909439,71374923,17371815,12679871,15824374,94047988,87771342,58694366,29676579,5267700,88978391,39800059,28732963,11094045,3684204,38215982,63283953,26931333,89198823,41937623,86478293,80298225,16839500,2199566,36550145,50216888,9406409,22933223,90379759,30735471,4503355,26048098,78426987,38692718,18589054,37363111,43357764,77716492,30347506,26118930,12678559,44305348,43144536,54839020,88445364,15549963,18770053,45329201,8922390,61010924,90688102,93570188,64778040,68542736,23705263,30564134,55550165,80768056,82854184,70867793,51509376,70662509,71183416,88475078,54449390,94737250,50079609,50563503,55503873,2818675,36842399,24457027,72331557,12434710,46440703,20697347,37550845,38625014,28735006,17500140,47663583,36065634,52409606,92861148,67782691,87187982,91381082,57344202,66386946,3307109,70223489,36275054,64045928,76392694,4077100,40517455,52687522,76777482,77342842,46765015,34622931,10871134,13055539,26073039,18109562,47443628,91947781,45655522,7244474,8658292,32970972,56412386,93517374,35928420,70098992,83706729,5187557,60209513,47829716,37167066,82761728,29822452,9360523,90816699,52114501,91235611,3981880,28629321,55931161,66974143,58647970,54247683,3934739,49482317,86726230,38508220,4940757,47452547,77530579,79221421,12942912,75296044,83212008,62051266,32340422,5762938,80275760,74952706,78020622,94366032,86720851,59288567,94452749,67834061,57174757,3740721,24101054,42092080,56595587,75518753,12784693,68628800,28533414,58242170,2997008,44402259,31656674,23971056,71727434,45341266,63647609,35671286,8589182,94881391,9388142,382469,23083051,55391758,77496757,73735538,50826467,94012498,70034428,85245872,15992437,76293897,86184575,64289807,25150494,22769797,48806688,56082509,24041782,45355623,4353858,55798155,44936380,31631339,27449520,74490597,14874038,2570502,13174571,83115355,13497399,16993163,68575328,40216517,86853861,32272616,34522689,24647065,66151275,9781824,85078400,10594774,94875275,8106826,90982083,38960192,33716821,58539109,79427865,41474603,48436931,9676895,45901648,62645516,87447298,8744198,53597515,59292695,43596040,79622270,15523698,29788064,40724833,1133170,72563956,62836541,4232622,38607518,36440897,30296497,58602633,60571005,86698194,87620649,83649000,11117176,80648794,92653659,62491686,11911450,40710022,84268107,33438057,40797922,72836353,19475017,57974902,79288590,73731569,45185982,61259954,44511670,50999706,53087565,44428756,81131541,413504,52501912,3119673,86848884,44166698,39637815,44601219,87767465,22803238,1498013,87136711,70769641,71364074,42675609,29261710,42721363,65027301,32917752,12905490,84078790,78199748,10563887,1038966,46358480,26169764,55752391,14568262,5192357,24235133,10603127,21144232,28415368,19752623,79151859,55576413,36142649,75677857,85468319,76242723,6712551,70997105,69268539,60534637,3247617,28644004,30847309,42014224,31666455,73398824,81007193,72151029,5139974,76186412,93044048,41079608,9342422,22006604,48844872,3596298,73203309,38424532,92502664,90909346,28550247,75227988,45781708,20795958,20179552,20691561,5129963,81756606,20213904,28384656,60820687,73445455,9638624,78441136,18518649,6916699,88010628,5922098,95200973,41766148,55391235,77241099,3306378,45432013,92054326,44007223,34232716,17033798,4498332,61192824,36939953,49555122,59712550,16134075,92139820,37165879,28185790,16240229,61301574,55103847,20039565,9702730,54251359,42062506,40938095,22100484,22966882,46082387,87577324,80182640,56586819,51526490,3223351,55617733,3039648,55426850,56989796,49358872,25241749,12661601,24994377,94245702,22042635,84101931,20377269,19042735,71614893,91691928,21499414,50633489,7893097,14060643,78254615,24031909,62043991,65517584,66817225,61238209,79353182,71535541,77911883,68286579,78175930,6750944,25911688,51301978,13249905,58181308,52479914,69585773,52228622,39268425,73303911,92685119,89841472,90594120,42484934,261660,21986260,78112866,89255994,75050673,35162852,47403782,28675106,82567797,83496629,73518439,4172353,13820929,7139654,90908365,19767804,71140130,88899156,66027888,28181374,47941235,37867333,93399743,93932021,42269891,38274793,4177180,54019359,46140020,77820854,62894075,8698626,33070419,28846042,76309498,50921286,64083942,43526325,25601295,45703151,93197041,44697276,92919071,25660894,63029095,35095145,83570445,13741192,26973007,16952522,65056361,24140106,29955369,55357864,83537890,46347363,8556480,22643222,36101784,76699549,70180928,9553129,6599665,57622107,18817680,27467390,32992545,86159253,64351372,20024642,74775921,16999608,94369253,62119868,5068767,60097840,6045870,2150346,34854244,62917018,85725393,39229742,38120730,73727562,27526488,22256756,93550978,19807970,31966037,82898101,9063580,23406143,46014884,6555884,13804967,62283032,1875878,2554034,42340853,76859979,33805863,9461529,86521563,75499927,36455073,20094336,20711815,77989450,95080061,27653146,78964332,69741254,90080028,47116906,93840993,20881398,69552010,27202154,56431167,69802581,40853571,67924717,78156119,24826601,21781721,36314358,90275307,47557928,4038107,82869662,59965249,45667345,68625597,72812581,22688679,63242019,20264230,3700252,1675,1220883,92753994,78162101,43751356,60567208,87511471,66964085,80587950,59350506,22846658,7245564,59798959,48409794,20062343,84028901,91342424,63610461,56274289,30257974,29563150,81824769,19783466,38334739,23675021,85816147,88111589,59254434,29735383,73116419,76081682,12531325,76425498,90348698,25556332,10732951,4529728,67144839,72263437,22705787,26178152,44953549,81574285,85404768,43273573,39594958,9546863,43493276,66661179,20522188,32613225,42310313,76542416,24500201,61194622,78328099,83315430,67367207,32689446,84486030,19945570,12081226,72882790,40028118,2885840,48459587,4512779,37646025,94729085,73567499,32004312,41374395,42994946,91656374,43899957,24925062,23861608,6869180,54269322,67202966,30076101,17642297,84571158,11626681,38922536,36092391,66967864,85448455,75601877,84571390,20318111,51099357,50902664,9947093,95218084,62960989,13591890,6835014,62323085,80892839,53760443,23931812,1568879,63087380,39834189,94050256,82416514,18994000,91680506,10263028,62826081,69992477,43514685,58506386,31451446,37067739,32162897,24442721,50018482,13421840,42612250,21563803,19189823,55706169,67271774,5871408,27674882,43056227,38757985,80415006,55924189,78389397,41966638,27261004,5016652,4199940,26588313,66682900,52013444,17129742,61355981,21887514,17069890,53031277,43834122,86894916,14911849,37328772,80676626,1585040,24801566,74016313,84126353,2206655,42130687,82746007,25052553,86828316,33065195,77100788,51953990,13726618,39018106,9069421,2730826,51454607,50343676,4931929,76306914,93837751,83366021,59149442,2628006,25966866,18307939,14365862,14663413,31608177,81788379,45040657,89305443,28840522,60942466,13405469,60828367,65526606,32581741,1334341,79719464,80161543,75103549,88080049,75830790,84032713,32958608,63365554,76549497,43059374,66185361,79274560,32994783,42916859,20551503,19468764,86307251,33983948,65159016,68633748,67730035,49676890,31807373,52844509,63959147,61243060,88998590,20955686,72091486,12796953,35260069,19884049,19985488,3296228,79740981,28753168,13284391,30164705,15286955,82886914,91376405,3270786,48563538,90012216,73163907,79368359,75709288,846796,17208983,266098,56232921,51061650,69473909,28674401,25702643,59333453,37701105,53596756,68575603,20434645,94902356,78187813,20726167,11635308,67448748,87969265,47026093,30365923,51358398,91459550,77178737,77346909,84754333,45189644,39683190,26173714,34456435,51100369,33194763,58740265,59712117,66524588,28638153,48474396,30585991,72640940,24062577,66447307,78547665,65151461,54295588,68717829,35499069,26719960,23356326,60135996,42163397,9831508,60019865,79743682,82334419,44722367,55063986,67313994,65100770,61459019,32466853,35860001,61902690,75590143,7734320,33959799,76414147,25383493,25655504,75957566,89985920,78415541,42604539,55999417,44030728,67754125,13812144,53847570,66999567,69650841,31237844,74808348,21887794,13329456,12226002,57544731,41825652,32524238,84613246,71856535,3603271,20280840,71623615,94220583,10163615,13887554,23771060,89214303,54497463,20741984,23682548,1614851,5364000,30466416,55602830,75121168,7214871,10687119,23647202,78517482,68005510,55811325,8043040,39738713,30001203,21916850,64285627,74371571,55686619,54490266,27136514,3423406,39990964,54518764,94788727,68094939,37273419,77817801,54400105,94717541,43868656,26172199,48812432,9837480,78738327,45433968,67999672,20389655,52856109,59311026,62299314,73703722,36353864,56973073,10359048,4300562,86274894,61803980,62276913,63767513,93006891,88156630,46129670,24755594,45791571,18219060,76365417,58333750,34113061,55539361,9014653,13318863,1417050,33471615,37349570,93515856,32934978,86733856,34251572,69569607,70679194,71122877,67003453,26848119,36088935,70439248,70447367,27607375,70835115,41260816,82388089,80939646,89298118,85453527,12523326,39430169,52937430,9048208,47704849,23332149,59582229,1162508,63048458,51159172,23737663,11608695,55986908,57708356,53100827,46796178,92999307,65346328,42973248,19673952,63718300,63922757,95078260,85441008,55970580,75404448,81026213,78877829,38821011,76611226,18810223,57060468,16945025,90469391,48127073,68855464,82601036,93529809,92028079,24878799,22850055,72211774,73052049,12758712,75299854,36065789,72872729,45033227,84025889,50644805,61974430,53095696,78542091,77755568,12764917,60685355,25868216,38909346,61586078,19212918,93032870,78264085,45189148,3525869,11467565,87184070,64500023,85001708,76800131,41074374,77558044,16172970,55081238,37458624,84186950,95098470,56050087,5718474,89796071,58923863,13725120,78486271,6183548,50927618,55267497,57657332,64424300,34782984,86380650,43687783,13481159,27858755,58006337,61436528,74120108,38808869,52913179,37514499,37279579,28194641,50388821,7324964,9928776,1680468,79016922,1348076,86615759,13470356,2855108,89279813,7493892,60209891,23085278,70533261,168295,34083553,62523866,8364577,82473112,40063290,19717816,57347564,68622992,45400482,20244402,29748804,72462856,74735546,1998355,83816161,34983625,65531897,79171874,56288807,95316984,66157391,35984790,94523509,85079864,80917646,57674580,15673763,30808546,58418257,27877993,4916450,25977415,31124857,48331228,46098727,13347597,44735582,16552211,82945461,27799699,46017741,42001246,32986705,94378212,29299336,46031076,50441350,62922768,72896499,36544392,8388209,94119269,4103018,48377290,42643524,58663832,1220644,27015579,47122315,9326333,31054996,22866585,59323207,90541471,22542644,89835528,80164038,61699613,73970441,49033371,6039712,70062340,92138228,55842593,21116047,48876300,26070525,52181604,69136146,52770177,18078372,32644620,76075116,7361402,94890360,88014349,1245816,79658526,43420774,61599015,89347833,69257195,35498327,13362820,55531030,22648364,47809569,92139152,5023553,28463422,79642555,85673805,44678543,33617988,25199591,39714359,73623593,21866384,61818702,11822418,70952282,24398000,782566,68996276,84648341,40710078,61317720,21334326,80113496,6429971,79976041,43157492,87479961,24252084,15767821,12952979,50298463,56984233]
1772