4
[[3,1,2],[3,2,3],[1,1,3],[1,2,4],[1,1,2],[2,3,4]]
4
[[3,1,2],[3,2,3],[1,1,4],[2,1,4]]
4
[[3,2,3],[1,1,2],[2,3,4]]
13
[[1,1,2],[2,1,3],[3,2,4],[3,2,5],[1,2,6],[3,6,7],[3,7,8],[3,6,9],[3,4,10],[2,3,11],[1,5,12],[3,3,13],[2,1,10],[2,6,11],[3,5,13],[1,9,12],[1,6,8],[3,6,13],[2,1,4],[1,1,13],[2,9,10],[2,1,6],[2,10,13],[2,2,9],[3,4,12],[2,4,7],[1,1,10],[1,3,7],[1,7,11],[3,3,12],[2,4,8],[3,8,9],[1,9,13],[2,4,10],[1,6,9],[3,10,13],[1,7,10],[1,1,11],[2,4,9],[3,5,11],[3,2,6],[2,1,5],[2,5,11],[2,1,7],[2,3,8],[2,8,9],[3,4,13],[3,3,8],[3,3,11],[2,9,11],[3,1,8],[2,1,8],[3,8,13],[2,10,11],[3,1,5],[1,10,11],[1,7,12],[2,3,5],[3,1,13],[2,4,11],[2,3,9],[2,6,9],[2,1,13],[3,1,12],[2,7,8],[2,5,6],[3,1,9],[1,5,10],[3,2,13],[2,3,6],[2,2,10],[3,4,11],[1,4,13],[3,5,10],[1,4,10],[1,1,8],[3,3,4],[2,4,6],[2,7,11],[2,7,10],[2,3,12],[3,7,11],[3,9,10],[2,11,13],[1,1,12],[2,10,12],[1,7,13],[1,4,11],[2,4,5],[1,3,10],[2,12,13],[3,3,10],[1,6,12],[3,6,10],[1,3,4],[2,7,9],[1,3,11],[2,2,8],[1,2,8],[1,11,13],[1,2,13],[2,2,6],[1,4,6],[1,6,11],[3,1,2],[1,1,3],[2,11,12],[3,2,11],[1,9,10],[2,6,12],[3,1,7],[1,4,9],[1,10,12],[2,6,13],[2,2,12],[2,1,11],[2,5,9],[1,3,8],[1,7,8],[1,2,12],[1,5,11],[2,7,12],[3,1,11],[3,9,12],[3,2,9],[3,10,11]]
12
[[3,1,2],[2,2,3],[3,1,4],[2,3,5],[1,2,6],[2,4,7],[3,3,8],[3,2,9],[2,1,10],[2,1,11],[1,11,12],[1,10,11],[2,5,9],[2,7,10],[2,4,12],[3,9,10],[1,6,9],[2,10,12],[1,2,5],[3,5,6],[1,7,11],[1,8,9],[1,1,11],[3,4,5],[1,5,9],[2,4,9],[1,8,11],[3,6,8],[1,8,10],[2,2,4],[2,3,8],[3,2,6],[3,10,11],[2,3,11],[3,5,9],[3,3,5],[2,6,11],[3,2,7],[1,5,11],[1,1,5],[2,9,10],[1,6,7],[3,2,3],[2,8,9],[3,2,8]]
155
[[3,1,2],[3,1,3],[1,1,4],[2,1,4],[1,2,5],[2,2,5],[3,3,6],[3,6,7],[1,1,8],[2,1,8],[1,1,9],[2,1,9],[1,7,10],[2,7,10],[3,7,11],[3,10,12],[1,11,13],[2,11,13],[3,6,14],[1,4,15],[2,4,15],[1,14,16],[2,14,16],[1,8,17],[2,8,17],[1,13,18],[2,13,18],[3,5,19],[1,14,20],[2,14,20],[1,16,21],[2,16,21],[1,15,22],[2,15,22],[3,12,23],[1,9,24],[2,9,24],[1,5,25],[2,5,25],[1,19,26],[2,19,26],[3,4,27],[3,11,28],[3,14,29],[3,24,30],[1,13,31],[2,13,31],[3,8,32],[1,15,33],[2,15,33],[3,24,34],[3,27,35],[1,22,36],[2,22,36],[3,28,37],[3,35,38],[3,21,39],[1,25,40],[2,25,40],[3,14,41],[1,12,42],[2,12,42],[1,40,43],[2,40,43],[3,43,44],[1,22,45],[2,22,45],[1,11,46],[2,11,46],[3,30,47],[3,32,48],[3,7,49],[1,33,50],[2,33,50],[3,37,51],[3,18,52],[1,4,53],[2,4,53],[1,43,54],[2,43,54],[1,45,55],[2,45,55],[3,38,56],[1,19,57],[2,19,57],[1,33,58],[2,33,58],[1,20,59],[2,20,59],[3,44,60],[3,41,61],[1,6,62],[2,6,62],[3,34,63],[1,52,64],[2,52,64],[1,62,65],[2,62,65],[1,22,66],[2,22,66],[1,15,67],[2,15,67],[1,30,68],[2,30,68],[3,26,69],[1,69,70],[2,69,70],[3,64,71],[1,68,72],[2,68,72],[1,50,73],[2,50,73],[1,68,74],[2,68,74],[1,57,75],[2,57,75],[3,75,76],[3,65,77],[1,5,78],[2,5,78],[3,66,79],[1,24,80],[2,24,80],[1,62,81],[2,62,81],[3,9,82],[3,51,83],[1,5,84],[2,5,84],[1,37,85],[2,37,85],[1,15,86],[2,15,86],[1,60,87],[2,60,87],[3,42,88],[3,48,89],[1,53,90],[2,53,90],[3,83,91],[3,39,92],[1,28,93],[2,28,93],[1,72,94],[2,72,94],[1,94,95],[2,94,95],[1,56,96],[2,56,96],[1,78,97],[2,78,97],[3,39,98],[1,22,99],[2,22,99],[1,37,100],[2,37,100],[1,49,101],[2,49,101],[3,45,102],[3,75,103],[1,64,104],[2,64,104],[3,17,105],[1,26,106],[2,26,106],[1,1,107],[2,1,107],[1,38,108],[2,38,108],[1,8,109],[2,8,109],[1,106,110],[2,106,110],[1,103,111],[2,103,111],[3,10,112],[3,21,113],[1,25,114],[2,25,114],[3,66,115],[3,32,116],[3,92,117],[3,17,118],[1,30,119],[2,30,119],[3,36,120],[3,47,121],[1,95,122],[2,95,122],[1,13,123],[2,13,123],[1,94,124],[2,94,124],[1,109,125],[2,109,125],[3,12,126],[1,43,127],[2,43,127],[3,49,128],[1,117,129],[2,117,129],[1,66,130],[2,66,130],[3,63,131],[1,60,132],[2,60,132],[3,34,133],[1,117,134],[2,117,134],[3,99,135],[1,54,136],[2,54,136],[3,66,137],[3,2,138],[1,124,139],[2,124,139],[1,116,140],[2,116,140],[3,9,141],[3,118,142],[1,64,143],[2,64,143],[1,130,144],[2,130,144],[3,143,145],[3,49,146],[3,110,147],[3,97,148],[1,58,149],[2,58,149],[1,45,150],[2,45,150],[1,115,151],[2,115,151],[1,20,152],[2,20,152],[1,53,153],[2,53,153],[1,43,154],[2,43,154],[1,136,155],[2,136,155],[3,49,64],[2,45,148],[2,118,134],[1,94,127],[1,56,126],[3,32,64],[3,26,93],[3,50,54],[3,35,80],[1,40,138],[3,6,107],[3,73,120],[3,64,138],[3,59,154],[2,96,115],[1,4,106],[3,49,70],[2,24,46],[1,8,118],[2,35,117],[2,85,118],[1,124,147],[2,78,89],[2,67,122],[3,72,103],[3,99,120],[3,96,152],[2,61,97],[3,23,24],[1,51,69],[1,43,89],[2,72,116],[3,63,81],[3,79,87],[2,50,90]]